2	0.39122
2.02	0.38719
2.04	0.38331
2.06	0.37956
2.08	0.37594
2.1	0.37245
2.12	0.36909
2.14	0.36584
2.16	0.36271
2.18	0.35969
2.2	0.35678
2.22	0.35398
2.24	0.35128
2.26	0.34868
2.28	0.34618
2.3	0.34378
2.32	0.34147
2.34	0.33925
2.36	0.33712
2.38	0.33507
2.4	0.33311
2.42	0.33124
2.44	0.32944
2.46	0.32772
2.48	0.32609
2.5	0.32453
2.52	0.32304
2.54	0.32163
2.56	0.32029
2.58	0.31903
2.6	0.31783
2.62	0.3167
2.64	0.31565
2.66	0.31466
2.68	0.31374
2.7	0.31288
2.72	0.31209
2.74	0.31137
2.76	0.31071
2.78	0.31011
2.8	0.30958
2.82	0.30911
2.84	0.30871
2.86	0.30837
2.88	0.30809
2.9	0.30787
2.92	0.30772
2.94	0.30762
2.96	0.30759
2.98	0.30763
3	0.30772
3.02	0.30788
3.04	0.3081
3.06	0.30839
3.08	0.30874
3.1	0.30915
3.12	0.30963
3.14	0.31018
3.16	0.31079
3.18	0.31146
3.2	0.31221
3.22	0.31302
3.24	0.31391
3.26	0.31486
3.28	0.31588
3.3	0.31698
3.32	0.31815
3.34	0.31939
3.36	0.32071
3.38	0.32211
3.4	0.32359
3.42	0.32515
3.44	0.32679
3.46	0.32852
3.48	0.33033
3.5	0.33223
3.52	0.33422
3.54	0.33631
3.56	0.33849
3.58	0.34077
3.6	0.34315
3.62	0.34563
3.64	0.34822
3.66	0.35092
3.68	0.35373
3.7	0.35666
3.72	0.35971
3.74	0.36289
3.76	0.36619
3.78	0.36963
3.8	0.3732
3.82	0.37692
3.84	0.38079
3.86	0.38481
3.88	0.38898
3.9	0.39333
3.92	0.39784
3.94	0.40254
3.96	0.40742
3.98	0.4125
4	0.41777
4.02	0.42326
4.04	0.42897
4.06	0.43491
4.08	0.44109
4.1	0.44752
4.12	0.45421
4.14	0.46118
4.16	0.46844
4.18	0.476
4.2	0.48388
4.22	0.4921
4.24	0.50066
4.26	0.5096
4.28	0.51893
4.3	0.52867
4.32	0.53885
4.34	0.54948
4.36	0.5606
4.38	0.57224
4.4	0.58442
4.42	0.59717
4.44	0.61054
4.46	0.62456
4.48	0.63928
4.5	0.65473
4.52	0.67097
4.54	0.68804
4.56	0.70602
4.58	0.72495
4.6	0.74491
4.62	0.76598
4.64	0.78822
4.66	0.81175
4.68	0.83665
4.7	0.86302
4.72	0.891
4.74	0.92072
4.76	0.95231
4.78	0.98594
4.8	1.0218
4.82	1.0601
4.84	1.101
4.86	1.1448
4.88	1.1918
4.9	1.2423
4.92	1.2966
4.94	1.3552
4.96	1.4185
4.98	1.4871
5	1.5615
5.02	1.6424
5.04	1.7306
5.06	1.8271
5.08	1.9329
5.1	2.0492
5.12	2.1775
5.14	2.3196
5.16	2.4774
5.18	2.6534
5.2	2.8506
5.22	3.0724
5.24	3.3232
5.26	3.6083
5.28	3.9341
5.3	4.3089
5.32	4.7429
5.34	5.2492
5.36	5.8447
5.38	6.5512
5.4	7.3977
5.42	8.4231
5.44	9.68
5.46	11.241
5.48	13.208
5.5	15.726
5.52	19.003
5.54	23.343
5.56	29.179
5.58	37.112
5.6	47.865
5.62	61.953
5.64	78.602
5.66	93.762
5.68	100
5.7	92.966
5.72	77.129
5.74	60.037
5.76	45.746
5.78	34.957
5.8	27.08
5.82	21.344
5.84	17.12
5.86	13.959
5.88	11.553
5.9	9.6892
5.92	8.2227
5.94	7.0517
5.96	6.104
5.98	5.3279
6	4.6851
6.02	4.1476
6.04	3.694
6.06	3.3081
6.08	2.9773
6.1	2.6918
6.12	2.4439
6.14	2.2273
6.16	2.0371
6.18	1.8692
6.2	1.7204
6.22	1.588
6.24	1.4695
6.26	1.3633
6.28	1.2677
6.3	1.1813
6.32	1.103
6.34	1.0319
6.36	0.96715
6.38	0.90799
6.4	0.85383
6.42	0.80413
6.44	0.75843
6.46	0.71631
6.48	0.67743
6.5	0.64146
6.52	0.60812
6.54	0.57718
6.56	0.54842
6.58	0.52163
6.6	0.49665
6.62	0.47332
6.64	0.45151
6.66	0.43108
6.68	0.41193
6.7	0.39395
6.72	0.37706
6.74	0.36117
6.76	0.3462
6.78	0.33209
6.8	0.31878
6.82	0.3062
6.84	0.29431
6.86	0.28305
6.88	0.27239
6.9	0.26229
6.92	0.2527
6.94	0.2436
6.96	0.23495
6.98	0.22673
7	0.2189
7.02	0.21145
7.04	0.20435
7.06	0.19758
7.08	0.19112
7.1	0.18495
7.12	0.17906
7.14	0.17343
7.16	0.16804
7.18	0.16289
7.2	0.15795
7.22	0.15323
7.24	0.1487
7.26	0.14435
7.28	0.14019
7.3	0.13619
7.32	0.13234
7.34	0.12865
7.36	0.12511
7.38	0.1217
7.4	0.11842
7.42	0.11526
7.44	0.11222
7.46	0.10929
7.48	0.10647
7.5	0.10375
7.52	0.10113
7.54	0.098604
7.56	0.096164
7.58	0.093809
7.6	0.091536
7.62	0.08934
7.64	0.087218
7.66	0.085167
7.68	0.083184
7.7	0.081267
7.72	0.079412
7.74	0.077617
7.76	0.07588
7.78	0.074198
7.8	0.072569
7.82	0.07099
7.84	0.069461
7.86	0.067978
7.88	0.066541
7.9	0.065148
7.92	0.063796
7.94	0.062484
7.96	0.061211
7.98	0.059975
8	0.058776
8.02	0.05761
8.04	0.056479
8.06	0.055379
8.08	0.054311
8.1	0.053272
8.12	0.052262
8.14	0.05128
8.16	0.050325
8.18	0.049396
8.2	0.048493
8.22	0.047613
8.24	0.046757
8.26	0.045923
8.28	0.045112
8.3	0.044322
8.32	0.043552
8.34	0.042802
8.36	0.042071
8.38	0.041359
8.4	0.040665
8.42	0.039989
8.44	0.039329
8.46	0.038686
8.48	0.038059
8.5	0.037447
8.52	0.03685
8.54	0.036267
8.56	0.035699
8.58	0.035144
8.6	0.034603
8.62	0.034074
8.64	0.033558
8.66	0.033054
8.68	0.032562
8.7	0.032082
8.72	0.031612
8.74	0.031153
8.76	0.030705
8.78	0.030267
8.8	0.02984
8.82	0.029421
8.84	0.029013
8.86	0.028613
8.88	0.028223
8.9	0.027841
8.92	0.027467
8.94	0.027102
8.96	0.026746
8.98	0.026397
9	0.026055
9.02	0.025722
9.04	0.025395
9.06	0.025076
9.08	0.024764
9.1	0.024459
9.12	0.024161
9.14	0.023869
9.16	0.023584
9.18	0.023305
9.2	0.023033
9.22	0.022766
9.24	0.022506
9.26	0.022252
9.28	0.022004
9.3	0.021762
9.32	0.021527
9.34	0.021297
9.36	0.021073
9.38	0.020856
9.4	0.020644
9.42	0.02044
9.44	0.020242
9.46	0.020052
9.48	0.019869
9.5	0.019695
9.52	0.01953
9.54	0.019376
9.56	0.019235
9.58	0.019108
9.6	0.018998
9.62	0.018911
9.64	0.018852
9.66	0.018831
9.68	0.01886
9.7	0.018959
9.72	0.019154
9.74	0.019482
9.76	0.019984
9.78	0.020675
9.8	0.021468
9.82	0.022063
9.84	0.022045
9.86	0.021322
9.88	0.020252
9.9	0.019212
9.92	0.018354
9.94	0.017685
9.96	0.017167
9.98	0.016757
10	0.016426
10.02	0.01615
10.04	0.015916
10.06	0.015711
10.08	0.01553
10.1	0.015367
10.12	0.015218
10.14	0.015082
10.16	0.014955
10.18	0.014837
10.2	0.014727
10.22	0.014623
10.24	0.014526
10.26	0.014434
10.28	0.014348
10.3	0.014267
10.32	0.014191
10.34	0.01412
10.36	0.014054
10.38	0.013993
10.4	0.013937
10.42	0.013886
10.44	0.01384
10.46	0.013799
10.48	0.013764
10.5	0.013735
10.52	0.013712
10.54	0.013695
10.56	0.013685
10.58	0.013682
10.6	0.013687
10.62	0.0137
10.64	0.013722
10.66	0.013755
10.68	0.013798
10.7	0.013853
10.72	0.013921
10.74	0.014003
10.76	0.014102
10.78	0.014219
10.8	0.014356
10.82	0.014517
10.84	0.014703
10.86	0.01492
10.88	0.015171
10.9	0.015463
10.92	0.015801
10.94	0.016193
10.96	0.016651
10.98	0.017185
11	0.017813
11.02	0.018552
11.04	0.019429
11.06	0.020476
11.08	0.021735
11.1	0.023263
11.12	0.025136
11.14	0.027457
11.16	0.030371
11.18	0.03408
11.2	0.038875
11.22	0.045176
11.24	0.053592
11.26	0.064999
11.28	0.080575
11.3	0.10165
11.32	0.12882
11.34	0.15946
11.36	0.18415
11.38	0.18929
11.4	0.17115
11.42	0.14091
11.44	0.11108
11.46	0.087002
11.48	0.069013
11.5	0.055872
11.52	0.046246
11.54	0.039103
11.56	0.033712
11.58	0.02957
11.6	0.026333
11.62	0.023764
11.64	0.021693
11.66	0.020003
11.68	0.018606
11.7	0.017439
11.72	0.016454
11.74	0.015615
11.76	0.014894
11.78	0.01427
11.8	0.013726
11.82	0.013249
11.84	0.012828
11.86	0.012454
11.88	0.01212
11.9	0.011821
11.92	0.011552
11.94	0.011308
11.96	0.011087
11.98	0.010885
12	0.010701
12.02	0.010532
12.04	0.010377
12.06	0.010233
12.08	0.0101
12.1	0.0099775
12.12	0.0098631
12.14	0.0097567
12.16	0.0096573
12.18	0.0095644
12.2	0.0094773
12.22	0.0093956
12.24	0.0093189
12.26	0.0092467
12.28	0.0091787
12.3	0.0091145
12.32	0.0090539
12.34	0.0089966
12.36	0.0089424
12.38	0.008891
12.4	0.0088424
12.42	0.0087962
12.44	0.0087524
12.46	0.0087109
12.48	0.0086714
12.5	0.0086339
12.52	0.0085983
12.54	0.0085644
12.56	0.0085322
12.58	0.0085016
12.6	0.0084726
12.62	0.008445
12.64	0.0084188
12.66	0.0083939
12.68	0.0083703
12.7	0.0083479
12.72	0.0083267
12.74	0.0083066
12.76	0.0082877
12.78	0.0082698
12.8	0.0082529
12.82	0.0082371
12.84	0.0082222
12.86	0.0082082
12.88	0.0081952
12.9	0.008183
12.92	0.0081718
12.94	0.0081614
12.96	0.0081518
12.98	0.008143
13	0.0081351
13.02	0.0081279
13.04	0.0081216
13.06	0.008116
13.08	0.0081111
13.1	0.008107
13.12	0.0081036
13.14	0.0081009
13.16	0.008099
13.18	0.0080978
13.2	0.0080973
13.22	0.0080974
13.24	0.0080983
13.26	0.0080999
13.28	0.0081022
13.3	0.0081051
13.32	0.0081087
13.34	0.008113
13.36	0.008118
13.38	0.0081237
13.4	0.00813
13.42	0.0081371
13.44	0.0081448
13.46	0.0081532
13.48	0.0081622
13.5	0.008172
13.52	0.0081824
13.54	0.0081936
13.56	0.0082054
13.58	0.008218
13.6	0.0082312
13.62	0.0082451
13.64	0.0082598
13.66	0.0082752
13.68	0.0082913
13.7	0.0083082
13.72	0.0083257
13.74	0.0083441
13.76	0.0083632
13.78	0.008383
13.8	0.0084037
13.82	0.0084251
13.84	0.0084473
13.86	0.0084703
13.88	0.0084942
13.9	0.0085188
13.92	0.0085444
13.94	0.0085707
13.96	0.008598
13.98	0.0086261
14	0.0086551
14.02	0.008685
14.04	0.0087159
14.06	0.0087477
14.08	0.0087805
14.1	0.0088142
14.12	0.008849
14.14	0.0088848
14.16	0.0089216
14.18	0.0089595
14.2	0.0089985
14.22	0.0090386
14.24	0.0090798
14.26	0.0091223
14.28	0.0091659
14.3	0.0092107
14.32	0.0092568
14.34	0.0093042
14.36	0.0093529
14.38	0.009403
14.4	0.0094545
14.42	0.0095074
14.44	0.0095619
14.46	0.0096178
14.48	0.0096754
14.5	0.0097346
14.52	0.0097955
14.54	0.0098582
14.56	0.0099227
14.58	0.0099892
14.6	0.010058
14.62	0.010128
14.64	0.010201
14.66	0.010276
14.68	0.010354
14.7	0.010435
14.72	0.010518
14.74	0.010605
14.76	0.010695
14.78	0.01079
14.8	0.010889
14.82	0.010994
14.84	0.011105
14.86	0.011224
14.88	0.011353
14.9	0.011495
14.92	0.011654
14.94	0.011837
14.96	0.012051
14.98	0.012307
15	0.01261
15.02	0.012947
15.04	0.013258
15.06	0.013445
15.08	0.013463
15.1	0.013383
15.12	0.013299
15.14	0.013257
15.16	0.013265
15.18	0.013313
15.2	0.013392
15.22	0.013495
15.24	0.013616
15.26	0.013752
15.28	0.0139
15.3	0.014058
15.32	0.014226
15.34	0.014403
15.36	0.014589
15.38	0.014783
15.4	0.014985
15.42	0.015196
15.44	0.015415
15.46	0.015642
15.48	0.015879
15.5	0.016124
15.52	0.01638
15.54	0.016645
15.56	0.01692
15.58	0.017206
15.6	0.017504
15.62	0.017814
15.64	0.018136
15.66	0.018471
15.68	0.01882
15.7	0.019183
15.72	0.019562
15.74	0.019957
15.76	0.020369
15.78	0.020799
15.8	0.021249
15.82	0.021719
15.84	0.022211
15.86	0.022725
15.88	0.023264
15.9	0.02383
15.92	0.024423
15.94	0.025045
15.96	0.0257
15.98	0.026388
16	0.027113
16.02	0.027877
16.04	0.028682
16.06	0.029533
16.08	0.030432
16.1	0.031384
16.12	0.032392
16.14	0.033462
16.16	0.034598
16.18	0.035806
16.2	0.037092
16.22	0.038464
16.24	0.03993
16.26	0.041497
16.28	0.043176
16.3	0.044979
16.32	0.046916
16.34	0.049004
16.36	0.051257
16.38	0.053693
16.4	0.056334
16.42	0.059204
16.44	0.062329
16.46	0.065741
16.48	0.069477
16.5	0.073579
16.52	0.078097
16.54	0.08309
16.56	0.088627
16.58	0.09479
16.6	0.10168
16.62	0.10941
16.64	0.11812
16.66	0.128
16.68	0.13925
16.7	0.15214
16.72	0.16701
16.74	0.18428
16.76	0.20448
16.78	0.2283
16.8	0.25667
16.82	0.29078
16.84	0.33224
16.86	0.38326
16.88	0.4469
16.9	0.52744
16.92	0.63102
16.94	0.7665
16.96	0.94678
16.98	1.1904
17	1.5229
17.02	1.9741
17.04	2.5627
17.06	3.2466
17.08	3.8409
17.1	4.0396
17.12	3.7057
17.14	3.0534
17.16	2.3774
17.18	1.8204
17.2	1.4012
17.22	1.0947
17.24	0.87047
17.26	0.70456
17.28	0.57977
17.3	0.48429
17.32	0.40998
17.34	0.35125
17.36	0.30416
17.38	0.26589
17.4	0.23444
17.42	0.20831
17.44	0.18638
17.46	0.16783
17.48	0.152
17.5	0.13841
17.52	0.12665
17.54	0.11641
17.56	0.10746
17.58	0.099594
17.6	0.092644
17.62	0.08648
17.64	0.080992
17.66	0.076089
17.68	0.071695
17.7	0.067747
17.72	0.06419
17.74	0.06098
17.76	0.058077
17.78	0.05545
17.8	0.053072
17.82	0.050921
17.84	0.048979
17.86	0.047233
17.88	0.045676
17.9	0.044307
17.92	0.043133
17.94	0.042165
17.96	0.041413
17.98	0.040855
18	0.040369
18.02	0.039715
18.04	0.03871
18.06	0.037454
18.08	0.036189
18.1	0.035065
18.12	0.034112
18.14	0.03331
18.16	0.032633
18.18	0.032057
18.2	0.031563
18.22	0.031139
18.24	0.030776
18.26	0.030468
18.28	0.030208
18.3	0.029994
18.32	0.029822
18.34	0.02969
18.36	0.029596
18.38	0.02954
18.4	0.02952
18.42	0.029536
18.44	0.029586
18.46	0.029671
18.48	0.02979
18.5	0.029944
18.52	0.030134
18.54	0.030358
18.56	0.030619
18.58	0.030916
18.6	0.031252
18.62	0.031627
18.64	0.032042
18.66	0.032499
18.68	0.033
18.7	0.033548
18.72	0.034144
18.74	0.034791
18.76	0.035492
18.78	0.036251
18.8	0.037071
18.82	0.037957
18.84	0.038913
18.86	0.039944
18.88	0.041057
18.9	0.042257
18.92	0.043553
18.94	0.044953
18.96	0.046466
18.98	0.048103
19	0.049876
19.02	0.051799
19.04	0.053887
19.06	0.056159
19.08	0.058634
19.1	0.061337
19.12	0.064294
19.14	0.067537
19.16	0.071104
19.18	0.075036
19.2	0.079385
19.22	0.084211
19.24	0.089585
19.26	0.095592
19.28	0.10233
19.3	0.10994
19.32	0.11855
19.34	0.12836
19.36	0.1396
19.38	0.15257
19.4	0.16762
19.42	0.18523
19.44	0.206
19.46	0.23074
19.48	0.26049
19.5	0.29668
19.52	0.34126
19.54	0.39693
19.56	0.46748
19.58	0.55837
19.6	0.6775
19.62	0.83632
19.64	1.0513
19.66	1.3447
19.68	1.7415
19.7	2.253
19.72	2.8295
19.74	3.2937
19.76	3.3905
19.78	3.0521
19.8	2.4898
19.82	1.9362
19.84	1.4898
19.86	1.1567
19.88	0.91391
19.9	0.7366
19.92	0.60566
19.94	0.50752
19.96	0.43289
19.98	0.37538
20	0.3306
20.02	0.29545
20.04	0.26775
20.06	0.24595
20.08	0.22891
20.1	0.21583
20.12	0.20612
20.14	0.1994
20.16	0.19539
20.18	0.19397
20.2	0.1951
20.22	0.19889
20.24	0.20553
20.26	0.21538
20.28	0.22895
20.3	0.24701
20.32	0.27062
20.34	0.30129
20.36	0.34117
20.38	0.39331
20.4	0.46216
20.42	0.55418
20.44	0.67875
20.46	0.84914
20.48	1.0825
20.5	1.395
20.52	1.7841
20.54	2.1863
20.56	2.4462
20.58	2.4073
20.6	2.0923
20.62	1.6753
20.64	1.2951
20.66	0.9971
20.68	0.77643
20.7	0.61506
20.72	0.49626
20.74	0.40751
20.76	0.34006
20.78	0.28789
20.8	0.24686
20.82	0.21409
20.84	0.18756
20.86	0.1658
20.88	0.14774
20.9	0.1326
20.92	0.11978
20.94	0.10884
20.96	0.099421
20.98	0.091261
21	0.084143
21.02	0.077897
21.04	0.072386
21.06	0.067499
21.08	0.063144
21.1	0.059248
21.12	0.055747
21.14	0.052591
21.16	0.049736
21.18	0.047144
21.2	0.044785
21.22	0.042632
21.24	0.040663
21.26	0.038856
21.28	0.037196
21.3	0.035668
21.32	0.034258
21.34	0.032955
21.36	0.03175
21.38	0.030634
21.4	0.029598
21.42	0.028637
21.44	0.027744
21.46	0.026913
21.48	0.026141
21.5	0.025422
21.52	0.024753
21.54	0.024131
21.56	0.023553
21.58	0.023015
21.6	0.022516
21.62	0.022053
21.64	0.021625
21.66	0.021229
21.68	0.020865
21.7	0.020531
21.72	0.020226
21.74	0.019949
21.76	0.019699
21.78	0.019475
21.8	0.019278
21.82	0.019107
21.84	0.018961
21.86	0.01884
21.88	0.018746
21.9	0.018677
21.92	0.018634
21.94	0.018619
21.96	0.018631
21.98	0.018672
22	0.018742
22.02	0.018844
22.04	0.018979
22.06	0.019149
22.08	0.019356
22.1	0.019604
22.12	0.019895
22.14	0.020232
22.16	0.020622
22.18	0.021067
22.2	0.021575
22.22	0.022151
22.24	0.022805
22.26	0.023545
22.28	0.024383
22.3	0.025331
22.32	0.026405
22.34	0.027624
22.36	0.029011
22.38	0.030591
22.4	0.032399
22.42	0.034475
22.44	0.036869
22.46	0.039643
22.48	0.042877
22.5	0.04667
22.52	0.051151
22.54	0.056488
22.56	0.062901
22.58	0.070686
22.6	0.080242
22.62	0.09212
22.64	0.10709
22.66	0.12624
22.68	0.15115
22.7	0.1841
22.72	0.22839
22.74	0.28869
22.76	0.37091
22.78	0.48048
22.8	0.61544
22.82	0.75178
22.84	0.83459
22.86	0.81385
22.88	0.70282
22.9	0.561
22.92	0.43323
22.94	0.33353
22.96	0.2598
22.98	0.20591
23	0.16624
23.02	0.13662
23.04	0.11411
23.06	0.096718
23.08	0.083052
23.1	0.072152
23.12	0.063337
23.14	0.056119
23.16	0.05014
23.18	0.045138
23.2	0.040912
23.22	0.037313
23.24	0.034223
23.26	0.031552
23.28	0.029228
23.3	0.027193
23.32	0.025403
23.34	0.023819
23.36	0.022411
23.38	0.021155
23.4	0.020029
23.42	0.019016
23.44	0.018102
23.46	0.017274
23.48	0.016523
23.5	0.015838
23.52	0.015213
23.54	0.01464
23.56	0.014115
23.58	0.013632
23.6	0.013188
23.62	0.012777
23.64	0.012397
23.66	0.012046
23.68	0.01172
23.7	0.011417
23.72	0.011136
23.74	0.010874
23.76	0.010631
23.78	0.010403
23.8	0.010191
23.82	0.0099933
23.84	0.0098085
23.86	0.0096359
23.88	0.0094748
23.9	0.0093244
23.92	0.0091841
23.94	0.0090534
23.96	0.0089318
23.98	0.0088189
24	0.0087146
24.02	0.0086185
24.04	0.0085308
24.06	0.0084515
24.08	0.0083811
24.1	0.0083204
24.12	0.0082708
24.14	0.0082341
24.16	0.0082134
24.18	0.0082126
24.2	0.0082353
24.22	0.0082804
24.24	0.008331
24.26	0.0083481
24.28	0.0082956
24.3	0.0081846
24.32	0.0080584
24.34	0.0079471
24.36	0.0078592
24.38	0.0077927
24.4	0.0077432
24.42	0.0077068
24.44	0.0076808
24.46	0.0076631
24.48	0.0076525
24.5	0.007648
24.52	0.0076491
24.54	0.0076554
24.56	0.0076667
24.58	0.0076829
24.6	0.007704
24.62	0.0077302
24.64	0.0077618
24.66	0.007799
24.68	0.0078425
24.7	0.0078931
24.72	0.0079517
24.74	0.00802
24.76	0.0081
24.78	0.008195
24.8	0.0083093
24.82	0.0084494
24.84	0.0086243
24.86	0.008845
24.88	0.0091203
24.9	0.0094415
24.92	0.0097536
24.94	0.0099478
24.96	0.0099518
24.98	0.0098227
25	0.0096728
25.02	0.0095668
25.04	0.0095184
25.06	0.0095203
25.08	0.0095617
25.1	0.0096337
25.12	0.0097301
25.14	0.0098467
25.16	0.0099809
25.18	0.010131
25.2	0.010297
25.22	0.010477
25.24	0.010672
25.26	0.010883
25.28	0.011109
25.3	0.011352
25.32	0.011613
25.34	0.011892
25.36	0.012192
25.38	0.012514
25.4	0.012859
25.42	0.01323
25.44	0.01363
25.46	0.01406
25.48	0.014525
25.5	0.015027
25.52	0.01557
25.54	0.01616
25.56	0.016802
25.58	0.0175
25.6	0.018264
25.62	0.019099
25.64	0.020018
25.66	0.021029
25.68	0.022147
25.7	0.023386
25.72	0.024765
25.74	0.026307
25.76	0.028037
25.78	0.029988
25.8	0.032199
25.82	0.034717
25.84	0.037604
25.86	0.040933
25.88	0.044801
25.9	0.049327
25.92	0.054669
25.94	0.061032
25.96	0.068689
25.98	0.078005
26	0.089483
26.02	0.10382
26.04	0.12198
26.06	0.14538
26.08	0.17605
26.1	0.21692
26.12	0.27224
26.14	0.34773
26.16	0.44994
26.18	0.58217
26.2	0.73278
26.22	0.85829
26.24	0.89324
26.26	0.81394
26.28	0.66958
26.3	0.52239
26.32	0.40171
26.34	0.311
26.36	0.24463
26.38	0.19604
26.4	0.16006
26.42	0.13297
26.44	0.11224
26.46	0.096103
26.48	0.083356
26.5	0.073146
26.52	0.064868
26.54	0.058084
26.56	0.052473
26.58	0.047795
26.6	0.043872
26.62	0.040569
26.64	0.037782
26.66	0.035437
26.68	0.033478
26.7	0.03187
26.72	0.030598
26.74	0.029665
26.76	0.029095
26.78	0.028923
26.8	0.029156
26.82	0.029652
26.84	0.029971
26.86	0.029497
26.88	0.028078
26.9	0.026213
26.92	0.024441
26.94	0.022982
26.96	0.021842
26.98	0.020962
27	0.020279
27.02	0.019745
27.04	0.019325
27.06	0.018995
27.08	0.018737
27.1	0.018539
27.12	0.018393
27.14	0.018291
27.16	0.018228
27.18	0.018201
27.2	0.018207
27.22	0.018244
27.24	0.01831
27.26	0.018404
27.28	0.018524
27.3	0.018671
27.32	0.018844
27.34	0.019042
27.36	0.019266
27.38	0.019516
27.4	0.019791
27.42	0.020094
27.44	0.020424
27.46	0.020781
27.48	0.021168
27.5	0.021585
27.52	0.022034
27.54	0.022516
27.56	0.023032
27.58	0.023585
27.6	0.024176
27.62	0.024808
27.64	0.025484
27.66	0.026206
27.68	0.026978
27.7	0.027803
27.72	0.028685
27.74	0.029628
27.76	0.030638
27.78	0.03172
27.8	0.03288
27.82	0.034124
27.84	0.035461
27.86	0.036899
27.88	0.038447
27.9	0.040117
27.92	0.04192
27.94	0.043871
27.96	0.045985
27.98	0.04828
28	0.050778
28.02	0.0535
28.04	0.056476
28.06	0.059736
28.08	0.063317
28.1	0.067261
28.12	0.07162
28.14	0.076451
28.16	0.081826
28.18	0.087827
28.2	0.094554
28.22	0.10213
28.24	0.1107
28.26	0.12044
28.28	0.13158
28.3	0.14439
28.32	0.15922
28.34	0.17651
28.36	0.19682
28.38	0.22089
28.4	0.24969
28.42	0.2845
28.44	0.32706
28.46	0.37976
28.48	0.44593
28.5	0.53029
28.52	0.63962
28.54	0.78378
28.56	0.97705
28.58	1.2398
28.6	1.5986
28.62	2.0808
28.64	2.688
28.66	3.3326
28.68	3.7746
28.7	3.7483
28.72	3.2698
28.74	2.6165
28.76	2.0162
28.78	1.5449
28.8	1.196
28.82	0.9411
28.84	0.75383
28.86	0.61424
28.88	0.50841
28.9	0.4268
28.92	0.36281
28.94	0.31188
28.96	0.27078
28.98	0.23719
29	0.20943
29.02	0.18624
29.04	0.1667
29.06	0.15009
29.08	0.13586
29.1	0.12358
29.12	0.11293
29.14	0.10362
29.16	0.095452
29.18	0.088245
29.2	0.081859
29.22	0.076175
29.24	0.071099
29.26	0.066548
29.28	0.062455
29.3	0.058765
29.32	0.055427
29.34	0.052402
29.36	0.049655
29.38	0.047155
29.4	0.044877
29.42	0.042798
29.44	0.0409
29.46	0.039166
29.48	0.037582
29.5	0.036135
29.52	0.034817
29.54	0.033617
29.56	0.03253
29.58	0.031551
29.6	0.030676
29.62	0.029906
29.64	0.029242
29.66	0.028691
29.68	0.028265
29.7	0.02798
29.72	0.02786
29.74	0.027922
29.76	0.028142
29.78	0.028389
29.8	0.028424
29.82	0.028107
29.84	0.027587
29.86	0.027111
29.88	0.026818
29.9	0.026742
29.92	0.026875
29.94	0.027209
29.96	0.027743
29.98	0.028485
30	0.029455
30.02	0.030684
30.04	0.032217
30.06	0.034113
30.08	0.03645
30.1	0.039337
30.12	0.042917
30.14	0.047386
30.16	0.053014
30.18	0.060182
30.2	0.069429
30.22	0.081534
30.24	0.097626
30.26	0.11934
30.28	0.149
30.3	0.18952
30.32	0.24362
30.34	0.31034
30.36	0.37774
30.38	0.41828
30.4	0.40689
30.42	0.35091
30.44	0.28051
30.46	0.21759
30.48	0.16867
30.5	0.13252
30.52	0.10607
30.54	0.08657
30.56	0.071973
30.58	0.060855
30.6	0.052238
30.62	0.045448
30.64	0.040013
30.66	0.035603
30.68	0.031979
30.7	0.028964
30.72	0.026432
30.74	0.024283
30.76	0.022444
30.78	0.020858
30.8	0.01948
30.82	0.018275
30.84	0.017215
30.86	0.016277
30.88	0.015443
30.9	0.014698
30.92	0.01403
30.94	0.013428
30.96	0.012883
30.98	0.01239
31	0.011941
31.02	0.011532
31.04	0.011158
31.06	0.010816
31.08	0.010502
31.1	0.010214
31.12	0.0099505
31.14	0.0097087
31.16	0.0094877
31.18	0.0092863
31.2	0.0091039
31.22	0.0089406
31.24	0.0087966
31.26	0.0086732
31.28	0.0085725
31.3	0.0084983
31.32	0.0084563
31.34	0.0084552
31.36	0.0085078
31.38	0.008632
31.4	0.0088475
31.42	0.0091629
31.44	0.0095362
31.46	0.0098211
31.48	0.0098105
31.5	0.0094529
31.52	0.0089219
31.54	0.0084048
31.56	0.0079799
31.58	0.0076513
31.6	0.0074004
31.62	0.0072072
31.64	0.0070563
31.66	0.0069371
31.68	0.0068424
31.7	0.0067676
31.72	0.00671
31.74	0.0066679
31.76	0.0066413
31.78	0.0066311
31.8	0.0066394
31.82	0.0066702
31.84	0.0067296
31.86	0.0068271
31.88	0.0069765
31.9	0.0071962
31.92	0.0075066
31.94	0.0079134
31.96	0.0083651
31.98	0.0087012
32	0.0087166
32.02	0.0083873
32.04	0.0079028
32.06	0.0074432
32.08	0.007077
32.1	0.0068041
32.12	0.0066044
32.14	0.0064581
32.16	0.0063501
32.18	0.0062695
32.2	0.006209
32.22	0.0061636
32.24	0.0061298
32.26	0.006105
32.28	0.0060875
32.3	0.006076
32.32	0.0060695
32.34	0.0060673
32.36	0.0060689
32.38	0.0060738
32.4	0.0060818
32.42	0.0060926
32.44	0.006106
32.46	0.0061218
32.48	0.00614
32.5	0.0061604
32.52	0.006183
32.54	0.0062077
32.56	0.0062344
32.58	0.0062632
32.6	0.006294
32.62	0.0063269
32.64	0.0063618
32.66	0.0063987
32.68	0.0064377
32.7	0.0064787
32.72	0.0065218
32.74	0.0065671
32.76	0.0066145
32.78	0.0066641
32.8	0.0067159
32.82	0.0067701
32.84	0.0068266
32.86	0.0068856
32.88	0.006947
32.9	0.007011
32.92	0.0070777
32.94	0.0071471
32.96	0.0072193
32.98	0.0072945
33	0.0073727
33.02	0.0074541
33.04	0.0075389
33.06	0.0076271
33.08	0.0077189
33.1	0.0078146
33.12	0.0079143
33.14	0.0080182
33.16	0.0081266
33.18	0.0082398
33.2	0.0083582
33.22	0.0084821
33.24	0.008612
33.26	0.0087484
33.28	0.0088921
33.3	0.0090439
33.32	0.0092049
33.34	0.0093764
33.36	0.0095603
33.38	0.009759
33.4	0.0099761
33.42	0.010216
33.44	0.010487
33.46	0.010797
33.48	0.011161
33.5	0.011595
33.52	0.012115
33.54	0.012713
33.56	0.013313
33.58	0.013753
33.6	0.013902
33.62	0.013831
33.64	0.013715
33.66	0.013664
33.68	0.013707
33.7	0.013834
33.72	0.01403
33.74	0.01428
33.76	0.014575
33.78	0.01491
33.8	0.01528
33.82	0.015684
33.84	0.016122
33.86	0.016593
33.88	0.0171
33.9	0.017644
33.92	0.018227
33.94	0.018854
33.96	0.019526
33.98	0.02025
34	0.02103
34.02	0.021872
34.04	0.022783
34.06	0.023772
34.08	0.024847
34.1	0.026021
34.12	0.027308
34.14	0.028722
34.16	0.030284
34.18	0.032018
34.2	0.033953
34.22	0.036124
34.24	0.038578
34.26	0.041371
34.28	0.044576
34.3	0.048288
34.32	0.052634
34.34	0.05778
34.36	0.063955
34.38	0.071474
34.4	0.080782
34.42	0.092512
34.44	0.10758
34.46	0.1273
34.48	0.15352
34.5	0.18863
34.52	0.23496
34.54	0.29255
34.56	0.35403
34.58	0.39938
34.6	0.40473
34.62	0.36892
34.64	0.31575
34.66	0.26698
34.68	0.2307
34.7	0.20694
34.72	0.19347
34.74	0.18818
34.76	0.1897
34.78	0.19732
34.8	0.21098
34.82	0.23119
34.84	0.25908
34.86	0.29658
34.88	0.3466
34.9	0.41355
34.92	0.50393
34.94	0.62709
34.96	0.79563
34.98	1.0236
35	1.3171
35.02	1.6502
35.04	1.9369
35.06	2.0548
35.08	1.9414
35.1	1.6545
35.12	1.3176
35.14	1.0197
35.16	0.788
35.18	0.61635
35.2	0.49052
35.22	0.39759
35.24	0.32797
35.26	0.27492
35.28	0.23382
35.3	0.20148
35.32	0.17566
35.34	0.15478
35.36	0.13771
35.38	0.1236
35.4	0.11183
35.42	0.10195
35.44	0.093592
35.46	0.086483
35.48	0.080409
35.5	0.075201
35.52	0.070726
35.54	0.066875
35.56	0.063562
35.58	0.060718
35.6	0.058285
35.62	0.056216
35.64	0.054475
35.66	0.053031
35.68	0.05186
35.7	0.050942
35.72	0.050263
35.74	0.049813
35.76	0.049585
35.78	0.049576
35.8	0.049787
35.82	0.050222
35.84	0.050891
35.86	0.051807
35.88	0.05299
35.9	0.054466
35.92	0.056272
35.94	0.058455
35.96	0.061071
35.98	0.064172
36	0.067769
36.02	0.071767
36.04	0.076007
36.06	0.080486
36.08	0.085483
36.1	0.091364
36.12	0.098417
36.14	0.10689
36.16	0.11704
36.18	0.12923
36.2	0.14392
36.22	0.16176
36.24	0.1836
36.26	0.21063
36.28	0.24451
36.3	0.28757
36.32	0.34315
36.34	0.41608
36.36	0.51339
36.38	0.64514
36.4	0.82487
36.42	1.0678
36.44	1.3809
36.46	1.7357
36.48	2.033
36.5	2.1313
36.52	1.9748
36.54	1.653
36.56	1.3024
36.58	1.0033
36.6	0.77432
36.62	0.60554
36.64	0.4818
36.66	0.39021
36.68	0.32136
36.7	0.2687
36.72	0.22775
36.74	0.19538
36.76	0.16943
36.78	0.14834
36.8	0.131
36.82	0.11657
36.84	0.10446
36.86	0.094201
36.88	0.085435
36.9	0.077892
36.92	0.071356
36.94	0.06566
36.96	0.060666
36.98	0.056265
37	0.052368
37.02	0.048903
37.04	0.045809
37.06	0.043035
37.08	0.040542
37.1	0.038292
37.12	0.036256
37.14	0.034409
37.16	0.03273
37.18	0.031199
37.2	0.029801
37.22	0.028522
37.24	0.027351
37.26	0.026275
37.28	0.025287
37.3	0.024378
37.32	0.023542
37.34	0.022772
37.36	0.022063
37.38	0.02141
37.4	0.020809
37.42	0.020256
37.44	0.019748
37.46	0.019282
37.48	0.018856
37.5	0.018467
37.52	0.018114
37.54	0.017795
37.56	0.017509
37.58	0.017255
37.6	0.017034
37.62	0.016844
37.64	0.016687
37.66	0.016563
37.68	0.016476
37.7	0.016428
37.72	0.016424
37.74	0.016473
37.76	0.016587
37.78	0.016781
37.8	0.017079
37.82	0.017505
37.84	0.018066
37.86	0.0187
37.88	0.019223
37.9	0.019403
37.92	0.019211
37.94	0.018857
37.96	0.018552
37.98	0.018386
38	0.018366
38.02	0.01847
38.04	0.018681
38.06	0.018982
38.08	0.019367
38.1	0.01983
38.12	0.020371
38.14	0.020994
38.16	0.021702
38.18	0.022503
38.2	0.023405
38.22	0.02442
38.24	0.025562
38.26	0.026848
38.28	0.028296
38.3	0.029932
38.32	0.031786
38.34	0.033892
38.36	0.036294
38.38	0.039046
38.4	0.042216
38.42	0.045886
38.44	0.050162
38.46	0.05518
38.48	0.061114
38.5	0.068192
38.52	0.076715
38.54	0.087089
38.56	0.099868
38.58	0.11581
38.6	0.13601
38.62	0.16198
38.64	0.19595
38.66	0.24115
38.68	0.30222
38.7	0.3855
38.72	0.49843
38.74	0.64556
38.76	0.81666
38.78	0.96853
38.8	1.0312
38.82	0.96833
38.84	0.81769
38.86	0.64705
38.88	0.49922
38.9	0.3853
38.92	0.30122
38.94	0.23963
38.96	0.19413
38.98	0.16001
39	0.13398
39.02	0.11379
39.04	0.097893
39.06	0.085188
39.08	0.074908
39.1	0.066499
39.12	0.059558
39.14	0.053791
39.16	0.048979
39.18	0.044962
39.2	0.041612
39.22	0.038807
39.24	0.036377
39.26	0.034118
39.28	0.031911
39.3	0.029811
39.32	0.027916
39.34	0.026263
39.36	0.024836
39.38	0.023604
39.4	0.022538
39.42	0.021612
39.44	0.020807
39.46	0.020109
39.48	0.019506
39.5	0.018989
39.52	0.018552
39.54	0.018188
39.56	0.017895
39.58	0.01767
39.6	0.017512
39.62	0.01742
39.64	0.017396
39.66	0.017442
39.68	0.017561
39.7	0.01776
39.72	0.018045
39.74	0.018427
39.76	0.018918
39.78	0.019534
39.8	0.020296
39.82	0.021233
39.84	0.022381
39.86	0.023789
39.88	0.02552
39.9	0.027663
39.92	0.030339
39.94	0.033718
39.96	0.038039
39.98	0.04365
40	0.051052
40.02	0.060965
40.04	0.074392
40.06	0.092557
40.08	0.11645
40.1	0.14534
40.12	0.17387
40.14	0.19082
40.16	0.1864
40.18	0.16375
40.2	0.13531
40.22	0.11024
40.24	0.091336
40.26	0.078125
40.28	0.069399
40.3	0.064095
40.32	0.061487
40.34	0.061153
40.36	0.062932
40.38	0.066886
40.4	0.073315
40.42	0.082791
40.44	0.096245
40.46	0.11509
40.48	0.1413
40.5	0.17735
40.52	0.2253
40.54	0.28426
40.56	0.34493
40.58	0.38491
40.6	0.38014
40.62	0.33238
40.64	0.26787
40.66	0.20856
40.68	0.16192
40.7	0.12732
40.72	0.10201
40.74	0.083389
40.76	0.06949
40.78	0.058945
40.8	0.050813
40.82	0.044443
40.84	0.039384
40.86	0.035317
40.88	0.032012
40.9	0.029303
40.92	0.027067
40.94	0.025211
40.96	0.023666
40.98	0.022377
41	0.021304
41.02	0.020415
41.04	0.019683
41.06	0.01909
41.08	0.018619
41.1	0.01826
41.12	0.018002
41.14	0.01784
41.16	0.017769
41.18	0.017786
41.2	0.017891
41.22	0.018084
41.24	0.018367
41.26	0.018745
41.28	0.019224
41.3	0.019811
41.32	0.020518
41.34	0.021358
41.36	0.022346
41.38	0.023505
41.4	0.024859
41.42	0.026442
41.44	0.028293
41.46	0.030462
41.48	0.033015
41.5	0.036033
41.52	0.039623
41.54	0.043923
41.56	0.049118
41.58	0.055454
41.6	0.063267
41.62	0.073019
41.64	0.085362
41.66	0.10122
41.68	0.12193
41.7	0.14945
41.72	0.18656
41.74	0.23717
41.76	0.30605
41.78	0.39682
41.8	0.50544
41.82	0.60818
41.84	0.66019
41.86	0.63064
41.88	0.53824
41.9	0.42788
41.92	0.33032
41.94	0.25456
41.96	0.19851
41.98	0.15748
42	0.12719
42.02	0.10451
42.04	0.087233
42.06	0.073844
42.08	0.063299
42.1	0.054869
42.12	0.048036
42.14	0.04243
42.16	0.037778
42.18	0.033878
42.2	0.030579
42.22	0.027765
42.24	0.025346
42.26	0.023251
42.28	0.021427
42.3	0.019828
42.32	0.01842
42.34	0.017173
42.36	0.016063
42.38	0.015072
42.4	0.014184
42.42	0.013384
42.44	0.012662
42.46	0.012007
42.48	0.011413
42.5	0.010871
42.52	0.010377
42.54	0.0099237
42.56	0.0095083
42.58	0.0091264
42.6	0.0087749
42.62	0.0084507
42.64	0.0081514
42.66	0.0078747
42.68	0.0076187
42.7	0.0073816
42.72	0.0071621
42.74	0.0069588
42.76	0.0067706
42.78	0.0065967
42.8	0.0064362
42.82	0.0062887
42.84	0.0061538
42.86	0.0060313
42.88	0.0059215
42.9	0.0058249
42.92	0.0057427
42.94	0.0056768
42.96	0.0056301
42.98	0.0056074
43	0.0056153
43.02	0.0056624
43.04	0.0057563
43.06	0.0058932
43.08	0.0060346
43.1	0.0060945
43.12	0.0060013
43.14	0.0057865
43.16	0.0055426
43.18	0.0053306
43.2	0.0051663
43.22	0.0050449
43.24	0.0049572
43.26	0.0048957
43.28	0.0048547
43.3	0.0048307
43.32	0.0048213
43.34	0.0048253
43.36	0.0048419
43.38	0.0048712
43.4	0.0049136
43.42	0.0049699
43.44	0.0050414
43.46	0.0051298
43.48	0.0052374
43.5	0.0053671
43.52	0.0055226
43.54	0.0057087
43.56	0.0059317
43.58	0.0061994
43.6	0.0065222
43.62	0.0069141
43.64	0.0073935
43.66	0.0079855
43.68	0.0087248
43.7	0.0096601
43.72	0.010861
43.74	0.012426
43.76	0.0145
43.78	0.017292
43.8	0.02109
43.82	0.026243
43.84	0.033022
43.86	0.041172
43.88	0.049166
43.9	0.053999
43.92	0.052977
43.94	0.04657
43.96	0.038065
43.98	0.030244
44	0.024089
44.02	0.019529
44.04	0.016203
44.06	0.013769
44.08	0.011968
44.1	0.010618
44.12	0.0095946
44.14	0.0088147
44.16	0.008221
44.18	0.0077754
44.2	0.0074535
44.22	0.0072398
44.24	0.0071208
44.26	0.0070724
44.28	0.0070479
44.3	0.0069957
44.32	0.0068945
44.34	0.0067454
44.36	0.0065589
44.38	0.0063694
44.4	0.0062121
44.42	0.0061004
44.44	0.0060318
44.46	0.0059993
44.48	0.005996
44.5	0.006017
44.52	0.0060586
44.54	0.0061186
44.56	0.0061953
44.58	0.0062879
44.6	0.006396
44.62	0.0065194
44.64	0.0066584
44.66	0.0068133
44.68	0.006985
44.7	0.0071743
44.72	0.0073823
44.74	0.0076104
44.76	0.0078603
44.78	0.0081338
44.8	0.0084331
44.82	0.0087609
44.84	0.0091202
44.86	0.0095144
44.88	0.0099476
44.9	0.010425
44.92	0.010951
44.94	0.011533
44.96	0.012179
44.98	0.012897
45	0.013699
45.02	0.014598
45.04	0.015609
45.06	0.016751
45.08	0.018048
45.1	0.019529
45.12	0.02123
45.14	0.023195
45.16	0.025482
45.18	0.028164
45.2	0.031335
45.22	0.035121
45.24	0.039686
45.26	0.045255
45.28	0.052133
45.3	0.060747
45.32	0.071699
45.34	0.085856
45.36	0.10447
45.38	0.12937
45.4	0.16313
45.42	0.20917
45.44	0.27105
45.46	0.3494
45.48	0.43443
45.5	0.49842
45.52	0.508
45.54	0.45744
45.56	0.37519
45.58	0.29304
45.6	0.22588
45.62	0.17537
45.64	0.13834
45.66	0.1112
45.68	0.09108
45.7	0.075922
45.72	0.064316
45.74	0.055289
45.76	0.048166
45.78	0.042474
45.8	0.037874
45.82	0.034123
45.84	0.031038
45.86	0.028488
45.88	0.026369
45.9	0.024605
45.92	0.023137
45.94	0.021918
45.96	0.020912
45.98	0.020092
46	0.019436
46.02	0.018927
46.04	0.018552
46.06	0.018303
46.08	0.018175
46.1	0.018163
46.12	0.01827
46.14	0.018497
46.16	0.018852
46.18	0.019345
46.2	0.019993
46.22	0.020813
46.24	0.021822
46.26	0.023025
46.28	0.024393
46.3	0.025898
46.32	0.027578
46.34	0.02955
46.36	0.031941
46.38	0.034865
46.4	0.038441
46.42	0.042826
46.44	0.048227
46.46	0.054936
46.48	0.063359
46.5	0.074069
46.52	0.087885
46.54	0.10599
46.56	0.1301
46.58	0.16266
46.6	0.20692
46.62	0.26653
46.64	0.34347
46.66	0.43296
46.68	0.51596
46.7	0.5582
46.72	0.53331
46.74	0.45455
46.76	0.36055
46.78	0.278
46.8	0.21419
46.82	0.16709
46.84	0.13261
46.86	0.10716
46.88	0.08808
46.9	0.073534
46.92	0.062252
46.94	0.053358
46.96	0.046242
46.98	0.04047
47	0.035731
47.02	0.031796
47.04	0.028496
47.06	0.025704
47.08	0.02332
47.1	0.021272
47.12	0.019499
47.14	0.017956
47.16	0.016605
47.18	0.015417
47.2	0.014369
47.22	0.013442
47.24	0.01262
47.26	0.011892
47.28	0.011249
47.3	0.010687
47.32	0.010203
47.34	0.0097966
47.36	0.00947
47.38	0.0092144
47.4	0.0089928
47.42	0.0087294
47.44	0.0083608
47.46	0.0079115
47.48	0.0074572
47.5	0.0070469
47.52	0.0066917
47.54	0.0063861
47.56	0.0061212
47.58	0.0058894
47.6	0.0056853
47.62	0.0055056
47.64	0.0053484
47.66	0.0052132
47.68	0.0051013
47.7	0.0050156
47.72	0.004961
47.74	0.0049438
47.76	0.004968
47.78	0.0050236
47.8	0.0050678
47.82	0.0050283
47.84	0.0048695
47.86	0.0046354
47.88	0.0043926
47.9	0.0041779
47.92	0.0039994
47.94	0.0038528
47.96	0.0037311
47.98	0.0036281
48	0.0035392
48.02	0.0034611
48.04	0.0033915
48.06	0.003329
48.08	0.0032722
48.1	0.0032204
48.12	0.0031729
48.14	0.0031293
48.16	0.0030891
48.18	0.0030521
48.2	0.0030181
48.22	0.0029868
48.24	0.002958
48.26	0.0029318
48.28	0.0029079
48.3	0.0028863
48.32	0.0028669
48.34	0.0028496
48.36	0.0028345
48.38	0.0028214
48.4	0.0028104
48.42	0.0028015
48.44	0.0027947
48.46	0.00279
48.48	0.0027874
48.5	0.0027869
48.52	0.0027887
48.54	0.0027928
48.56	0.0027993
48.58	0.0028083
48.6	0.00282
48.62	0.0028345
48.64	0.002852
48.66	0.0028729
48.68	0.0028974
48.7	0.0029259
48.72	0.0029591
48.74	0.0029977
48.76	0.0030426
48.78	0.0030951
48.8	0.0031571
48.82	0.0032311
48.84	0.003321
48.86	0.0034319
48.88	0.0035705
48.9	0.003744
48.92	0.0039538
48.94	0.0041804
48.96	0.004367
48.98	0.0044482
49	0.0044252
49.02	0.0043654
49.04	0.0043265
49.06	0.0043294
49.08	0.0043742
49.1	0.0044556
49.12	0.0045687
49.14	0.0047107
49.16	0.0048804
49.18	0.0050782
49.2	0.0053059
49.22	0.0055661
49.24	0.0058629
49.26	0.0062015
49.28	0.0065884
49.3	0.0070322
49.32	0.0075435
49.34	0.0081357
49.36	0.008826
49.38	0.0096367
49.4	0.010597
49.42	0.011744
49.44	0.013129
49.46	0.014822
49.48	0.016918
49.5	0.019549
49.52	0.022907
49.54	0.027263
49.56	0.033016
49.58	0.040737
49.6	0.051223
49.62	0.065453
49.64	0.084204
49.66	0.10673
49.68	0.12835
49.7	0.13992
49.72	0.13482
49.74	0.11652
49.76	0.094338
49.78	0.074839
49.8	0.059987
49.82	0.049411
49.84	0.042192
49.86	0.037533
49.88	0.034901
49.9	0.034009
49.92	0.034793
49.94	0.037395
49.96	0.042158
49.98	0.049571
50	0.059996
50.02	0.072854
50.04	0.085286
50.06	0.091977
50.08	0.088673
50.1	0.076821
50.12	0.062083
50.14	0.048823
50.16	0.038428
50.18	0.030687
50.2	0.024981
50.22	0.020741
50.24	0.017541
50.26	0.015085
50.28	0.013166
50.3	0.011642
50.32	0.010414
50.34	0.0094121
50.36	0.0085847
50.38	0.0078946
50.4	0.0073142
50.42	0.0068225
50.44	0.0064036
50.46	0.0060453
50.48	0.0057379
50.5	0.005474
50.52	0.0052479
50.54	0.0050551
50.56	0.0048922
50.58	0.0047568
50.6	0.0046474
50.62	0.0045636
50.64	0.0045057
50.66	0.0044757
50.68	0.0044769
50.7	0.0045143
50.72	0.0045945
50.74	0.0047232
50.76	0.0048998
50.78	0.0051041
50.8	0.0052792
50.82	0.0053603
50.84	0.0053541
50.86	0.0053377
50.88	0.0053789
50.9	0.0055084
50.92	0.0057388
50.94	0.0060823
50.96	0.0065588
50.98	0.0072016
51	0.0080621
51.02	0.0092173
51.04	0.010781
51.06	0.012914
51.08	0.015834
51.1	0.019778
51.12	0.024866
51.14	0.030687
51.16	0.035618
51.18	0.037091
51.2	0.034067
51.22	0.028431
51.24	0.022648
51.26	0.017893
51.28	0.014315
51.3	0.011694
51.32	0.0097735
51.34	0.0083506
51.36	0.0072794
51.38	0.0064593
51.4	0.0058214
51.42	0.005318
51.44	0.0049154
51.46	0.0045899
51.48	0.0043241
51.5	0.0041051
51.52	0.0039237
51.54	0.0037724
51.56	0.0036459
51.58	0.0035399
51.6	0.003451
51.62	0.0033765
51.64	0.0033144
51.66	0.003263
51.68	0.0032209
51.7	0.003187
51.72	0.0031604
51.74	0.0031404
51.76	0.0031264
51.78	0.0031179
51.8	0.0031144
51.82	0.0031158
51.84	0.0031218
51.86	0.0031322
51.88	0.0031469
51.9	0.003166
51.92	0.0031894
51.94	0.0032173
51.96	0.0032498
51.98	0.0032875
52	0.0033306
52.02	0.00338
52.04	0.0034367
52.06	0.0035023
52.08	0.0035787
52.1	0.003669
52.12	0.0037764
52.14	0.0039034
52.16	0.0040467
52.18	0.004191
52.2	0.0043116
52.22	0.0043917
52.24	0.0044353
52.26	0.0044643
52.28	0.0045031
52.3	0.0045642
52.32	0.0046499
52.34	0.0047588
52.36	0.0048891
52.38	0.0050398
52.4	0.0052109
52.42	0.0054034
52.44	0.0056189
52.46	0.0058598
52.48	0.0061294
52.5	0.0064316
52.52	0.0067716
52.54	0.0071557
52.56	0.0075916
52.58	0.0080893
52.6	0.008661
52.62	0.0093225
52.64	0.010094
52.66	0.011002
52.68	0.01208
52.7	0.013375
52.72	0.014949
52.74	0.016887
52.76	0.019309
52.78	0.022382
52.8	0.026349
52.82	0.031563
52.84	0.038533
52.86	0.047989
52.88	0.060884
52.9	0.078192
52.92	0.099977
52.94	0.1231
52.96	0.13898
52.98	0.13814
53	0.1212
53.02	0.098054
53.04	0.076818
53.06	0.060183
53.08	0.047912
53.1	0.039003
53.12	0.032514
53.14	0.027744
53.16	0.024201
53.18	0.021553
53.2	0.019575
53.22	0.018107
53.24	0.017025
53.26	0.016199
53.28	0.015502
53.3	0.014862
53.32	0.014297
53.34	0.013847
53.36	0.013531
53.38	0.013343
53.4	0.01327
53.42	0.013297
53.44	0.013415
53.46	0.013619
53.48	0.013905
53.5	0.014274
53.52	0.014727
53.54	0.015271
53.56	0.015914
53.58	0.016664
53.6	0.017538
53.62	0.018553
53.64	0.019734
53.66	0.021112
53.68	0.022728
53.7	0.024635
53.72	0.026908
53.74	0.029643
53.76	0.032978
53.78	0.037103
53.8	0.042289
53.82	0.048927
53.84	0.057572
53.86	0.068996
53.88	0.084156
53.9	0.10387
53.92	0.12777
53.94	0.1525
53.96	0.17132
53.98	0.17802
54	0.17147
54.02	0.15609
54.04	0.13908
54.06	0.12593
54.08	0.11866
54.1	0.11736
54.12	0.12173
54.14	0.13185
54.16	0.14838
54.18	0.17278
54.2	0.20748
54.22	0.25607
54.24	0.32319
54.26	0.41292
54.28	0.52379
54.3	0.63992
54.32	0.72657
54.34	0.74452
54.36	0.68139
54.38	0.56759
54.4	0.44736
54.42	0.34599
54.44	0.26862
54.46	0.21158
54.48	0.16969
54.5	0.13862
54.52	0.11522
54.54	0.097295
54.56	0.083349
54.58	0.072335
54.6	0.06352
54.62	0.056383
54.64	0.050547
54.66	0.045736
54.68	0.041744
54.7	0.038415
54.72	0.035633
54.74	0.033306
54.76	0.031365
54.78	0.029756
54.8	0.028438
54.82	0.027379
54.84	0.026558
54.86	0.025957
54.88	0.025567
54.9	0.025384
54.92	0.025411
54.94	0.025655
54.96	0.026132
54.98	0.026866
55	0.027889
55.02	0.029246
55.04	0.030999
55.06	0.033233
55.08	0.036058
55.1	0.039629
55.12	0.044159
55.14	0.049943
55.16	0.057401
55.18	0.067134
55.2	0.080014
55.22	0.097302
55.24	0.12079
55.26	0.15285
55.28	0.19595
55.3	0.25079
55.32	0.3117
55.34	0.36245
55.36	0.38151
55.38	0.35846
55.4	0.30446
55.42	0.24231
55.44	0.18791
55.46	0.14575
55.48	0.11454
55.5	0.09163
55.52	0.07467
55.54	0.061923
55.56	0.052176
55.58	0.044595
55.6	0.038602
55.62	0.033793
55.64	0.029883
55.66	0.026663
55.68	0.023983
55.7	0.02173
55.72	0.019819
55.74	0.018186
55.76	0.016778
55.78	0.015559
55.8	0.014496
55.82	0.013565
55.84	0.012746
55.86	0.012023
55.88	0.011383
55.9	0.010816
55.92	0.010314
55.94	0.0098712
55.96	0.0094826
55.98	0.0091455
56	0.0088569
56.02	0.0086098
56.04	0.008387
56.06	0.0081622
56.08	0.0079217
56.1	0.0076776
56.12	0.0074509
56.14	0.0072533
56.16	0.0070869
56.18	0.0069498
56.2	0.0068396
56.22	0.0067552
56.24	0.0066964
56.26	0.0066647
56.28	0.0066623
56.3	0.0066918
56.32	0.006752
56.34	0.0068331
56.36	0.0069156
56.38	0.006978
56.4	0.0070047
56.42	0.0070023
56.44	0.007002
56.46	0.0070317
56.48	0.007103
56.5	0.0072175
56.52	0.0073746
56.54	0.0075745
56.56	0.0078192
56.58	0.0081125
56.6	0.00846
56.62	0.0088694
56.64	0.0093507
56.66	0.0099166
56.68	0.010584
56.7	0.011373
56.72	0.012312
56.74	0.013436
56.76	0.014793
56.78	0.016445
56.8	0.018478
56.82	0.021011
56.84	0.024209
56.86	0.028306
56.88	0.033642
56.9	0.040704
56.92	0.050196
56.94	0.06308
56.96	0.080502
56.98	0.10328
57	0.13044
57.02	0.15709
57.04	0.17467
57.06	0.17584
57.08	0.15979
57.1	0.13332
57.12	0.1056
57.14	0.082131
57.16	0.064141
57.18	0.050849
57.2	0.041077
57.22	0.033827
57.24	0.028369
57.26	0.024196
57.28	0.020959
57.3	0.018419
57.32	0.016408
57.34	0.014806
57.36	0.013512
57.38	0.012429
57.4	0.011468
57.42	0.010587
57.44	0.0097987
57.46	0.009117
57.48	0.0085378
57.5	0.0080475
57.52	0.007631
57.54	0.0072758
57.56	0.0069718
57.58	0.0067111
57.6	0.0064877
57.62	0.0062967
57.64	0.0061343
57.66	0.0059974
57.68	0.0058837
57.7	0.0057913
57.72	0.0057187
57.74	0.0056647
57.76	0.0056286
57.78	0.0056099
57.8	0.0056083
57.82	0.0056241
57.84	0.0056574
57.86	0.005709
57.88	0.00578
57.9	0.0058715
57.92	0.0059856
57.94	0.0061245
57.96	0.0062913
57.98	0.0064897
58	0.0067245
58.02	0.0070019
58.04	0.0073296
58.06	0.0077176
58.08	0.008179
58.1	0.0087305
58.12	0.0093949
58.14	0.010202
58.16	0.011194
58.18	0.012426
58.2	0.01398
58.22	0.015969
58.24	0.018558
58.26	0.021987
58.28	0.026603
58.3	0.032886
58.32	0.04142
58.34	0.052631
58.36	0.06593
58.38	0.078144
58.4	0.083427
58.42	0.078334
58.44	0.066301
58.46	0.053196
58.48	0.042207
58.5	0.033918
58.52	0.027895
58.54	0.023551
58.56	0.020406
58.58	0.018112
58.6	0.016432
58.62	0.015202
58.64	0.01431
58.66	0.013679
58.68	0.013254
58.7	0.012999
58.72	0.012887
58.74	0.012899
58.76	0.013024
58.78	0.013255
58.8	0.013588
58.82	0.014025
58.84	0.014568
58.86	0.015225
58.88	0.016005
58.9	0.016923
58.92	0.017996
58.94	0.019248
58.96	0.02071
58.98	0.022419
59	0.024418
59.02	0.026752
59.04	0.029469
59.06	0.032639
59.08	0.036393
59.1	0.040922
59.12	0.046464
59.14	0.053323
59.16	0.061912
59.18	0.072812
59.2	0.086851
59.22	0.10523
59.24	0.12968
59.26	0.16269
59.28	0.20756
59.3	0.26797
59.32	0.34573
59.34	0.43524
59.36	0.51648
59.38	0.55697
59.4	0.53417
59.42	0.45987
59.44	0.3681
59.46	0.28506
59.48	0.21974
59.5	0.17116
59.52	0.13552
59.54	0.10922
59.56	0.089537
59.58	0.07456
59.6	0.062967
59.62	0.053847
59.64	0.046565
59.66	0.040669
59.68	0.035838
59.7	0.031835
59.72	0.028483
59.74	0.025653
59.76	0.023243
59.78	0.021176
59.8	0.019392
59.82	0.017844
59.84	0.016494
59.86	0.015312
59.88	0.014275
59.9	0.013365
59.92	0.012569
59.94	0.011877
59.96	0.011283
59.98	0.010778
60	0.010347
