4	2.0785
4.02	2.0618
4.04	2.0453
4.06	2.0291
4.08	2.0131
4.1	1.9974
4.12	1.9818
4.14	1.9665
4.16	1.9515
4.18	1.9366
4.2	1.922
4.22	1.9076
4.24	1.8934
4.26	1.8794
4.28	1.8656
4.3	1.852
4.32	1.8386
4.34	1.8254
4.36	1.8123
4.38	1.7995
4.4	1.7868
4.42	1.7743
4.44	1.762
4.46	1.7499
4.48	1.7379
4.5	1.7261
4.52	1.7145
4.54	1.703
4.56	1.6917
4.58	1.6805
4.6	1.6695
4.62	1.6587
4.64	1.648
4.66	1.6374
4.68	1.627
4.7	1.6167
4.72	1.6066
4.74	1.5966
4.76	1.5868
4.78	1.577
4.8	1.5675
4.82	1.558
4.84	1.5487
4.86	1.5395
4.88	1.5304
4.9	1.5214
4.92	1.5126
4.94	1.5039
4.96	1.4953
4.98	1.4868
5	1.4784
5.02	1.4702
5.04	1.4621
5.06	1.454
5.08	1.4461
5.1	1.4383
5.12	1.4306
5.14	1.423
5.16	1.4155
5.18	1.4081
5.2	1.4008
5.22	1.3936
5.24	1.3865
5.26	1.3795
5.28	1.3726
5.3	1.3658
5.32	1.3591
5.34	1.3525
5.36	1.346
5.38	1.3396
5.4	1.3332
5.42	1.327
5.44	1.3208
5.46	1.3147
5.48	1.3087
5.5	1.3028
5.52	1.297
5.54	1.2913
5.56	1.2856
5.58	1.2801
5.6	1.2746
5.62	1.2692
5.64	1.2639
5.66	1.2586
5.68	1.2535
5.7	1.2484
5.72	1.2434
5.74	1.2385
5.76	1.2336
5.78	1.2288
5.8	1.2241
5.82	1.2195
5.84	1.215
5.86	1.2105
5.88	1.2061
5.9	1.2018
5.92	1.1976
5.94	1.1934
5.96	1.1893
5.98	1.1853
6	1.1813
6.02	1.1774
6.04	1.1736
6.06	1.1699
6.08	1.1662
6.1	1.1626
6.12	1.1591
6.14	1.1557
6.16	1.1523
6.18	1.149
6.2	1.1457
6.22	1.1426
6.24	1.1395
6.26	1.1365
6.28	1.1335
6.3	1.1306
6.32	1.1278
6.34	1.1251
6.36	1.1224
6.38	1.1199
6.4	1.1173
6.42	1.1149
6.44	1.1125
6.46	1.1102
6.48	1.108
6.5	1.1059
6.52	1.1038
6.54	1.1018
6.56	1.0998
6.58	1.098
6.6	1.0962
6.62	1.0945
6.64	1.0929
6.66	1.0914
6.68	1.0899
6.7	1.0885
6.72	1.0872
6.74	1.086
6.76	1.0849
6.78	1.0838
6.8	1.0828
6.82	1.082
6.84	1.0812
6.86	1.0805
6.88	1.0798
6.9	1.0793
6.92	1.0789
6.94	1.0785
6.96	1.0783
6.98	1.0781
7	1.0781
7.02	1.0781
7.04	1.0782
7.06	1.0785
7.08	1.0788
7.1	1.0793
7.12	1.0799
7.14	1.0805
7.16	1.0813
7.18	1.0823
7.2	1.0833
7.22	1.0844
7.24	1.0857
7.26	1.0871
7.28	1.0886
7.3	1.0903
7.32	1.0921
7.34	1.094
7.36	1.0961
7.38	1.0984
7.4	1.1008
7.42	1.1033
7.44	1.106
7.46	1.1089
7.48	1.1119
7.5	1.1151
7.52	1.1185
7.54	1.1221
7.56	1.1259
7.58	1.1299
7.6	1.134
7.62	1.1384
7.64	1.1431
7.66	1.1479
7.68	1.153
7.7	1.1583
7.72	1.1639
7.74	1.1697
7.76	1.1758
7.78	1.1822
7.8	1.1889
7.82	1.1959
7.84	1.2032
7.86	1.2108
7.88	1.2188
7.9	1.2271
7.92	1.2358
7.94	1.2449
7.96	1.2544
7.98	1.2644
8	1.2747
8.02	1.2856
8.04	1.2969
8.06	1.3087
8.08	1.3211
8.1	1.334
8.12	1.3475
8.14	1.3617
8.16	1.3764
8.18	1.3919
8.2	1.4081
8.22	1.425
8.24	1.4428
8.26	1.4613
8.28	1.4808
8.3	1.5012
8.32	1.5226
8.34	1.5451
8.36	1.5687
8.38	1.5935
8.4	1.6195
8.42	1.6469
8.44	1.6757
8.46	1.706
8.48	1.738
8.5	1.7717
8.52	1.8073
8.54	1.8448
8.56	1.8845
8.58	1.9265
8.6	1.9709
8.62	2.018
8.64	2.068
8.66	2.121
8.68	2.1774
8.7	2.2374
8.72	2.3013
8.74	2.3694
8.76	2.4422
8.78	2.5201
8.8	2.6035
8.82	2.6929
8.84	2.789
8.86	2.8924
8.88	3.0038
8.9	3.1241
8.92	3.2543
8.94	3.3955
8.96	3.5488
8.98	3.7157
9	3.8979
9.02	4.0972
9.04	4.3159
9.06	4.5564
9.08	4.8217
9.1	5.1154
9.12	5.4415
9.14	5.8048
9.16	6.2112
9.18	6.6674
9.2	7.1819
9.22	7.7647
9.24	8.4279
9.26	9.1864
9.28	10.059
9.3	11.067
9.32	12.24
9.34	13.612
9.36	15.228
9.38	17.142
9.4	19.422
9.42	22.153
9.44	25.436
9.46	29.388
9.48	34.133
9.5	39.777
9.52	46.356
9.54	53.738
9.56	61.488
9.58	68.736
9.6	74.206
9.62	76.59
9.64	75.193
9.66	70.364
9.68	63.288
9.7	55.335
9.72	47.554
9.74	40.53
9.76	34.475
9.78	29.387
9.8	25.165
9.82	21.678
9.84	18.796
9.86	16.408
9.88	14.419
9.9	12.752
9.92	11.347
9.94	10.154
9.96	9.1367
9.98	8.2625
10	7.5074
10.02	6.8514
10.04	6.2786
10.06	5.776
10.08	5.3328
10.1	4.9404
10.12	4.5914
10.14	4.2798
10.16	4.0007
10.18	3.7497
10.2	3.5233
10.22	3.3184
10.24	3.1325
10.26	2.9633
10.28	2.8089
10.3	2.6677
10.32	2.5382
10.34	2.4191
10.36	2.3095
10.38	2.2084
10.4	2.1148
10.42	2.0282
10.44	1.9478
10.46	1.873
10.48	1.8034
10.5	1.7385
10.52	1.6779
10.54	1.6211
10.56	1.568
10.58	1.5182
10.6	1.4714
10.62	1.4274
10.64	1.386
10.66	1.347
10.68	1.3102
10.7	1.2754
10.72	1.2426
10.74	1.2115
10.76	1.182
10.78	1.1541
10.8	1.1276
10.82	1.1024
10.84	1.0785
10.86	1.0557
10.88	1.034
10.9	1.0134
10.92	0.99368
10.94	0.97489
10.96	0.95694
10.98	0.9398
11	0.92341
11.02	0.90773
11.04	0.89272
11.06	0.87833
11.08	0.86455
11.1	0.85133
11.12	0.83865
11.14	0.82648
11.16	0.81478
11.18	0.80354
11.2	0.79273
11.22	0.78234
11.24	0.77233
11.26	0.7627
11.28	0.75342
11.3	0.74447
11.32	0.73585
11.34	0.72753
11.36	0.71951
11.38	0.71176
11.4	0.70428
11.42	0.69705
11.44	0.69007
11.46	0.68332
11.48	0.67679
11.5	0.67048
11.52	0.66437
11.54	0.65845
11.56	0.65273
11.58	0.64718
11.6	0.6418
11.62	0.6366
11.64	0.63155
11.66	0.62665
11.68	0.6219
11.7	0.6173
11.72	0.61283
11.74	0.60849
11.76	0.60428
11.78	0.60019
11.8	0.59622
11.82	0.59236
11.84	0.58861
11.86	0.58496
11.88	0.58142
11.9	0.57798
11.92	0.57463
11.94	0.57137
11.96	0.5682
11.98	0.56512
12	0.56212
12.02	0.5592
12.04	0.55636
12.06	0.55359
12.08	0.5509
12.1	0.54828
12.12	0.54573
12.14	0.54324
12.16	0.54082
12.18	0.53846
12.2	0.53617
12.22	0.53393
12.24	0.53175
12.26	0.52962
12.28	0.52755
12.3	0.52553
12.32	0.52357
12.34	0.52165
12.36	0.51978
12.38	0.51796
12.4	0.51619
12.42	0.51446
12.44	0.51278
12.46	0.51114
12.48	0.50953
12.5	0.50798
12.52	0.50646
12.54	0.50497
12.56	0.50353
12.58	0.50212
12.6	0.50075
12.62	0.49942
12.64	0.49812
12.66	0.49685
12.68	0.49562
12.7	0.49442
12.72	0.49325
12.74	0.49211
12.76	0.491
12.78	0.48992
12.8	0.48887
12.82	0.48785
12.84	0.48686
12.86	0.48589
12.88	0.48495
12.9	0.48404
12.92	0.48316
12.94	0.4823
12.96	0.48146
12.98	0.48065
13	0.47986
13.02	0.4791
13.04	0.47836
13.06	0.47764
13.08	0.47695
13.1	0.47628
13.12	0.47563
13.14	0.475
13.16	0.4744
13.18	0.47381
13.2	0.47325
13.22	0.4727
13.24	0.47218
13.26	0.47167
13.28	0.47119
13.3	0.47073
13.32	0.47028
13.34	0.46985
13.36	0.46944
13.38	0.46906
13.4	0.46868
13.42	0.46833
13.44	0.468
13.46	0.46768
13.48	0.46738
13.5	0.4671
13.52	0.46683
13.54	0.46658
13.56	0.46635
13.58	0.46614
13.6	0.46594
13.62	0.46576
13.64	0.4656
13.66	0.46545
13.68	0.46532
13.7	0.4652
13.72	0.4651
13.74	0.46502
13.76	0.46495
13.78	0.4649
13.8	0.46486
13.82	0.46484
13.84	0.46483
13.86	0.46484
13.88	0.46487
13.9	0.46491
13.92	0.46496
13.94	0.46503
13.96	0.46512
13.98	0.46522
14	0.46534
14.02	0.46547
14.04	0.46561
14.06	0.46578
14.08	0.46595
14.1	0.46614
14.12	0.46635
14.14	0.46657
14.16	0.46681
14.18	0.46706
14.2	0.46732
14.22	0.46761
14.24	0.4679
14.26	0.46821
14.28	0.46854
14.3	0.46888
14.32	0.46924
14.34	0.46961
14.36	0.46999
14.38	0.4704
14.4	0.47081
14.42	0.47125
14.44	0.47169
14.46	0.47216
14.48	0.47263
14.5	0.47313
14.52	0.47364
14.54	0.47416
14.56	0.4747
14.58	0.47526
14.6	0.47583
14.62	0.47642
14.64	0.47703
14.66	0.47765
14.68	0.47828
14.7	0.47894
14.72	0.47961
14.74	0.48029
14.76	0.481
14.78	0.48172
14.8	0.48245
14.82	0.48321
14.84	0.48398
14.86	0.48477
14.88	0.48557
14.9	0.48639
14.92	0.48723
14.94	0.48809
14.96	0.48897
14.98	0.48986
15	0.49078
15.02	0.49171
15.04	0.49266
15.06	0.49363
15.08	0.49462
15.1	0.49562
15.12	0.49665
15.14	0.4977
15.16	0.49876
15.18	0.49985
15.2	0.50096
15.22	0.50208
15.24	0.50323
15.26	0.5044
15.28	0.50559
15.3	0.5068
15.32	0.50803
15.34	0.50929
15.36	0.51057
15.38	0.51187
15.4	0.51319
15.42	0.51453
15.44	0.5159
15.46	0.51729
15.48	0.51871
15.5	0.52015
15.52	0.52162
15.54	0.52311
15.56	0.52462
15.58	0.52616
15.6	0.52773
15.62	0.52932
15.64	0.53094
15.66	0.53259
15.68	0.53427
15.7	0.53597
15.72	0.5377
15.74	0.53946
15.76	0.54125
15.78	0.54307
15.8	0.54492
15.82	0.5468
15.84	0.54871
15.86	0.55065
15.88	0.55262
15.9	0.55463
15.92	0.55667
15.94	0.55875
15.96	0.56085
15.98	0.563
16	0.56517
16.02	0.56739
16.04	0.56964
16.06	0.57193
16.08	0.57425
16.1	0.57662
16.12	0.57902
16.14	0.58147
16.16	0.58395
16.18	0.58648
16.2	0.58905
16.22	0.59166
16.24	0.59431
16.26	0.59701
16.28	0.59976
16.3	0.60255
16.32	0.60539
16.34	0.60828
16.36	0.61122
16.38	0.61421
16.4	0.61725
16.42	0.62034
16.44	0.62348
16.46	0.62668
16.48	0.62994
16.5	0.63325
16.52	0.63662
16.54	0.64005
16.56	0.64354
16.58	0.64709
16.6	0.65071
16.62	0.65439
16.64	0.65813
16.66	0.66194
16.68	0.66583
16.7	0.66978
16.72	0.67381
16.74	0.67791
16.76	0.68208
16.78	0.68633
16.8	0.69067
16.82	0.69508
16.84	0.69958
16.86	0.70416
16.88	0.70883
16.9	0.71359
16.92	0.71845
16.94	0.72339
16.96	0.72844
16.98	0.73358
17	0.73882
17.02	0.74417
17.04	0.74963
17.06	0.7552
17.08	0.76088
17.1	0.76668
17.12	0.77259
17.14	0.77863
17.16	0.7848
17.18	0.7911
17.2	0.79753
17.22	0.8041
17.24	0.81081
17.26	0.81767
17.28	0.82468
17.3	0.83185
17.32	0.83917
17.34	0.84666
17.36	0.85433
17.38	0.86216
17.4	0.87018
17.42	0.87839
17.44	0.88679
17.46	0.89539
17.48	0.90419
17.5	0.9132
17.52	0.92243
17.54	0.93188
17.56	0.94157
17.58	0.95151
17.6	0.9617
17.62	0.97215
17.64	0.98288
17.66	0.99389
17.68	1.0052
17.7	1.0168
17.72	1.0287
17.74	1.041
17.76	1.0536
17.78	1.0666
17.8	1.0799
17.82	1.0936
17.84	1.1077
17.86	1.1223
17.88	1.1372
17.9	1.1527
17.92	1.1686
17.94	1.185
17.96	1.202
17.98	1.2195
18	1.2375
18.02	1.2562
18.04	1.2755
18.06	1.2955
18.08	1.3162
18.1	1.3376
18.12	1.3598
18.14	1.3828
18.16	1.4067
18.18	1.4315
18.2	1.4572
18.22	1.484
18.24	1.5119
18.26	1.5409
18.28	1.5712
18.3	1.6027
18.32	1.6356
18.34	1.6701
18.36	1.7061
18.38	1.7438
18.4	1.7833
18.42	1.8248
18.44	1.8684
18.46	1.9142
18.48	1.9625
18.5	2.0134
18.52	2.0672
18.54	2.1241
18.56	2.1844
18.58	2.2484
18.6	2.3164
18.62	2.3889
18.64	2.4663
18.66	2.5491
18.68	2.6378
18.7	2.7332
18.72	2.836
18.74	2.9471
18.76	3.0675
18.78	3.1983
18.8	3.341
18.82	3.4971
18.84	3.6687
18.86	3.8579
18.88	4.0674
18.9	4.3007
18.92	4.5615
18.94	4.8547
18.96	5.1862
18.98	5.5631
19	5.9943
19.02	6.4909
19.04	7.0668
19.06	7.7391
19.08	8.5294
19.1	9.4645
19.12	10.577
19.14	11.907
19.16	13.498
19.18	15.395
19.2	17.633
19.22	20.21
19.24	23.051
19.26	25.953
19.28	28.548
19.3	30.351
19.32	30.935
19.34	30.167
19.36	28.288
19.38	25.774
19.4	23.093
19.42	20.567
19.44	18.358
19.46	16.516
19.48	15.027
19.5	13.851
19.52	12.945
19.54	12.268
19.56	11.784
19.58	11.466
19.6	11.293
19.62	11.25
19.64	11.328
19.66	11.52
19.68	11.826
19.7	12.247
19.72	12.79
19.74	13.463
19.76	14.279
19.78	15.254
19.8	16.412
19.82	17.783
19.84	19.408
19.86	21.341
19.88	23.652
19.9	26.425
19.92	29.764
19.94	33.794
19.96	38.66
19.98	44.514
20	51.492
20.02	59.648
20.04	68.857
20.06	78.656
20.08	88.102
20.1	95.755
20.12	100
20.14	99.729
20.16	94.988
20.18	86.981
20.2	77.401
20.22	67.704
20.24	58.793
20.26	51.063
20.28	44.585
20.3	39.269
20.32	34.964
20.34	31.512
20.36	28.775
20.38	26.637
20.4	25.005
20.42	23.813
20.44	23.011
20.46	22.567
20.48	22.463
20.5	22.699
20.52	23.287
20.54	24.253
20.56	25.64
20.58	27.509
20.6	29.938
20.62	33.023
20.64	36.866
20.66	41.561
20.68	47.14
20.7	53.498
20.72	60.269
20.74	66.713
20.76	71.74
20.78	74.229
20.8	73.581
20.82	70.104
20.84	64.829
20.86	58.961
20.88	53.431
20.9	48.763
20.92	45.133
20.94	42.473
20.96	40.536
20.98	38.945
21	37.278
21.02	35.209
21.04	32.65
21.06	29.752
21.08	26.779
21.1	23.962
21.12	21.44
21.14	19.263
21.16	17.424
21.18	15.89
21.2	14.62
21.22	13.574
21.24	12.716
21.26	12.019
21.28	11.458
21.3	11.015
21.32	10.676
21.34	10.431
21.36	10.272
21.38	10.194
21.4	10.194
21.42	10.273
21.44	10.432
21.46	10.674
21.48	11.006
21.5	11.437
21.52	11.978
21.54	12.645
21.56	13.457
21.58	14.441
21.6	15.628
21.62	17.059
21.64	18.785
21.66	20.872
21.68	23.4
21.7	26.467
21.72	30.191
21.74	34.7
21.76	40.117
21.78	46.516
21.8	53.839
21.82	61.769
21.84	69.573
21.86	76.057
21.88	79.81
21.9	79.814
21.92	76.036
21.94	69.453
21.96	61.482
21.98	53.352
22	45.826
22.02	39.245
22.04	33.67
22.06	29.029
22.08	25.197
22.1	22.04
22.12	19.439
22.14	17.292
22.16	15.511
22.18	14.025
22.2	12.767
22.22	11.68
22.24	10.716
22.26	9.8413
22.28	9.0415
22.3	8.3129
22.32	7.6557
22.34	7.0688
22.36	6.5476
22.38	6.0861
22.4	5.6771
22.42	5.3138
22.44	4.99
22.46	4.7005
22.48	4.4407
22.5	4.2066
22.52	3.9951
22.54	3.8034
22.56	3.6292
22.58	3.4706
22.6	3.3257
22.62	3.1933
22.64	3.0719
22.66	2.9607
22.68	2.8586
22.7	2.7649
22.72	2.6789
22.74	2.5999
22.76	2.5275
22.78	2.4611
22.8	2.4005
22.82	2.3452
22.84	2.295
22.86	2.2497
22.88	2.209
22.9	2.1729
22.92	2.1412
22.94	2.1138
22.96	2.0907
22.98	2.072
23	2.0577
23.02	2.0479
23.04	2.0427
23.06	2.0425
23.08	2.0474
23.1	2.0578
23.12	2.0743
23.14	2.0973
23.16	2.1275
23.18	2.1658
23.2	2.2131
23.22	2.2708
23.24	2.3403
23.26	2.4235
23.28	2.5228
23.3	2.6409
23.32	2.7814
23.34	2.9487
23.36	3.1483
23.38	3.3872
23.4	3.6738
23.42	4.019
23.44	4.4356
23.46	4.9394
23.48	5.5474
23.5	6.2768
23.52	7.1395
23.54	8.1327
23.56	9.2236
23.58	10.332
23.6	11.324
23.62	12.043
23.64	12.377
23.66	12.326
23.68	11.99
23.7	11.5
23.72	10.934
23.74	10.301
23.76	9.5757
23.78	8.7514
23.8	7.865
23.82	6.9791
23.84	6.1505
23.86	5.4128
23.88	4.7767
23.9	4.2381
23.92	3.7862
23.94	3.4078
23.96	3.0905
23.98	2.8235
24	2.5976
24.02	2.4055
24.04	2.2411
24.06	2.0997
24.08	1.9774
24.1	1.8711
24.12	1.7783
24.14	1.6969
24.16	1.6253
24.18	1.5621
24.2	1.5062
24.22	1.4566
24.24	1.4125
24.26	1.3733
24.28	1.3384
24.3	1.3074
24.32	1.2799
24.34	1.2555
24.36	1.2339
24.38	1.215
24.4	1.1985
24.42	1.1842
24.44	1.172
24.46	1.1617
24.48	1.1534
24.5	1.1468
24.52	1.1419
24.54	1.1388
24.56	1.1372
24.58	1.1373
24.6	1.139
24.62	1.1424
24.64	1.1473
24.66	1.154
24.68	1.1624
24.7	1.1726
24.72	1.1846
24.74	1.1987
24.76	1.2148
24.78	1.2332
24.8	1.2539
24.82	1.2772
24.84	1.3033
24.86	1.3325
24.88	1.365
24.9	1.4012
24.92	1.4415
24.94	1.4864
24.96	1.5363
24.98	1.5921
25	1.6543
25.02	1.724
25.04	1.8021
25.06	1.89
25.08	1.9891
25.1	2.1014
25.12	2.229
25.14	2.3747
25.16	2.5417
25.18	2.7343
25.2	2.9575
25.22	3.2177
25.24	3.5227
25.26	3.8825
25.28	4.3095
25.3	4.8189
25.32	5.4293
25.34	6.1626
25.36	7.0425
25.38	8.0913
25.4	9.3214
25.42	10.72
25.44	12.223
25.46	13.692
25.48	14.907
25.5	15.619
25.52	15.664
25.54	15.064
25.56	14.012
25.58	12.769
25.6	11.551
25.62	10.494
25.64	9.6604
25.66	9.0703
25.68	8.7227
25.7	8.6097
25.72	8.7214
25.74	9.0426
25.76	9.5435
25.78	10.163
25.8	10.79
25.82	11.266
25.84	11.423
25.86	11.156
25.88	10.487
25.9	9.5464
25.92	8.4955
25.94	7.4644
25.96	6.5276
25.98	5.7139
26	5.0244
26.02	4.4471
26.04	3.9658
26.06	3.5644
26.08	3.2284
26.1	2.9458
26.12	2.7069
26.14	2.5037
26.16	2.3298
26.18	2.1802
26.2	2.0509
26.22	1.9385
26.24	1.8404
26.26	1.7545
26.28	1.6789
26.3	1.6123
26.32	1.5534
26.34	1.5012
26.36	1.455
26.38	1.4139
26.4	1.3774
26.42	1.3449
26.44	1.3162
26.46	1.2907
26.48	1.2682
26.5	1.2484
26.52	1.231
26.54	1.216
26.56	1.203
26.58	1.1919
26.6	1.1827
26.62	1.1752
26.64	1.1692
26.66	1.1648
26.68	1.1619
26.7	1.1603
26.72	1.1601
26.74	1.1612
26.76	1.1636
26.78	1.1672
26.8	1.1721
26.82	1.1782
26.84	1.1855
26.86	1.1941
26.88	1.204
26.9	1.2151
26.92	1.2276
26.94	1.2413
26.96	1.2565
26.98	1.2732
27	1.2913
27.02	1.311
27.04	1.3325
27.06	1.3557
27.08	1.3808
27.1	1.4079
27.12	1.4372
27.14	1.4689
27.16	1.5032
27.18	1.5403
27.2	1.5804
27.22	1.6241
27.24	1.6715
27.26	1.7233
27.28	1.7799
27.3	1.8421
27.32	1.9106
27.34	1.9863
27.36	2.0703
27.38	2.1639
27.4	2.268
27.42	2.3837
27.44	2.5109
27.46	2.6479
27.48	2.7909
27.5	2.9338
27.52	3.0702
27.54	3.1974
27.56	3.3188
27.58	3.4428
27.6	3.5795
27.62	3.7377
27.64	3.9241
27.66	4.1438
27.68	4.4017
27.7	4.7031
27.72	5.0542
27.74	5.4632
27.76	5.9402
27.78	6.498
27.8	7.1529
27.82	7.9254
27.84	8.8416
27.86	9.9338
27.88	11.242
27.9	12.816
27.92	14.712
27.94	16.991
27.96	19.708
27.98	22.886
28	26.473
28.02	30.277
28.04	33.895
28.06	36.723
28.08	38.114
28.1	37.695
28.12	35.586
28.14	32.331
28.16	28.594
28.18	24.898
28.2	21.543
28.22	18.647
28.24	16.216
28.26	14.208
28.28	12.561
28.3	11.214
28.32	10.114
28.34	9.2145
28.36	8.4796
28.38	7.8801
28.4	7.3928
28.42	6.9996
28.44	6.6864
28.46	6.4419
28.48	6.2576
28.5	6.1268
28.52	6.0448
28.54	6.0078
28.56	6.0137
28.58	6.061
28.6	6.1495
28.62	6.2799
28.64	6.4537
28.66	6.6736
28.68	6.9432
28.7	7.2674
28.72	7.6525
28.74	8.1067
28.76	8.6398
28.78	9.2646
28.8	9.9968
28.82	10.856
28.84	11.867
28.86	13.059
28.88	14.473
28.9	16.157
28.92	18.17
28.94	20.59
28.96	23.508
28.98	27.035
29	31.292
29.02	36.398
29.04	42.43
29.06	49.35
29.08	56.883
29.1	64.374
29.12	70.723
29.14	74.594
29.16	74.964
29.18	71.713
29.2	65.7
29.22	58.255
29.24	50.57
29.26	43.408
29.28	37.117
29.3	31.773
29.32	27.314
29.34	23.621
29.36	20.57
29.38	18.043
29.4	15.944
29.42	14.191
29.44	12.719
29.46	11.477
29.48	10.424
29.5	9.5259
29.52	8.7576
29.54	8.0978
29.56	7.5297
29.58	7.0397
29.6	6.6169
29.62	6.2523
29.64	5.9388
29.66	5.6705
29.68	5.4428
29.7	5.2519
29.72	5.0951
29.74	4.9701
29.76	4.8756
29.78	4.8108
29.8	4.7756
29.82	4.7704
29.84	4.7964
29.86	4.8557
29.88	4.951
29.9	5.0862
29.92	5.2661
29.94	5.4968
29.96	5.7853
29.98	6.1394
30	6.5664
30.02	7.0719
30.04	7.6575
30.06	8.3216
30.08	9.0644
30.1	9.8982
30.12	10.857
30.14	11.998
30.16	13.387
30.18	15.091
30.2	17.156
30.22	19.591
30.24	22.323
30.26	25.148
30.28	27.69
30.3	29.442
30.32	29.946
30.34	29.035
30.36	26.937
30.38	24.136
30.4	21.124
30.42	18.248
30.44	15.683
30.46	13.483
30.48	11.637
30.5	10.101
30.52	8.8282
30.54	7.7708
30.56	6.8893
30.58	6.1502
30.6	5.5269
30.62	4.9978
30.64	4.5458
30.66	4.1571
30.68	3.8209
30.7	3.5284
30.72	3.2724
30.74	3.0474
30.76	2.8485
30.78	2.6719
30.8	2.5144
30.82	2.3734
30.84	2.2467
30.86	2.1325
30.88	2.0291
30.9	1.9352
30.92	1.8498
30.94	1.7719
30.96	1.7005
30.98	1.6351
31	1.575
31.02	1.5196
31.04	1.4686
31.06	1.4214
31.08	1.3777
31.1	1.3372
31.12	1.2996
31.14	1.2647
31.16	1.2322
31.18	1.2019
31.2	1.1738
31.22	1.1475
31.24	1.1231
31.26	1.1002
31.28	1.079
31.3	1.0591
31.32	1.0406
31.34	1.0234
31.36	1.0073
31.38	0.9924
31.4	0.97855
31.42	0.96571
31.44	0.95383
31.46	0.94289
31.48	0.93282
31.5	0.92362
31.52	0.91524
31.54	0.90765
31.56	0.90085
31.58	0.89482
31.6	0.88953
31.62	0.88498
31.64	0.88116
31.66	0.87807
31.68	0.87571
31.7	0.87408
31.72	0.87319
31.74	0.87305
31.76	0.87367
31.78	0.87508
31.8	0.8773
31.82	0.88035
31.84	0.88427
31.86	0.8891
31.88	0.8949
31.9	0.9017
31.92	0.90959
31.94	0.91862
31.96	0.92889
31.98	0.9405
32	0.95355
32.02	0.96818
32.04	0.98454
32.06	1.0028
32.08	1.0232
32.1	1.0458
32.12	1.0712
32.14	1.0994
32.16	1.131
32.18	1.1663
32.2	1.206
32.22	1.2506
32.24	1.3009
32.26	1.3578
32.28	1.4226
32.3	1.4965
32.32	1.5813
32.34	1.6791
32.36	1.7925
32.38	1.9248
32.4	2.08
32.42	2.2633
32.44	2.4809
32.46	2.7404
32.48	3.0511
32.5	3.4228
32.52	3.8653
32.54	4.385
32.56	4.9786
32.58	5.6236
32.6	6.2671
32.62	6.8212
32.64	7.1812
32.66	7.2703
32.68	7.0851
32.7	6.6991
32.72	6.2207
32.74	5.746
32.76	5.3373
32.78	5.0259
32.8	4.8231
32.82	4.7315
32.84	4.7513
32.86	4.8843
32.88	5.1345
32.9	5.5085
32.92	6.0116
32.94	6.642
32.96	7.379
32.98	8.1669
33	8.9012
33.02	9.4348
33.04	9.6238
33.06	9.3993
33.08	8.8098
33.1	7.9902
33.12	7.0895
33.14	6.2177
33.16	5.4344
33.18	4.7602
33.2	4.1935
33.22	3.7225
33.24	3.3328
33.26	3.0104
33.28	2.743
33.3	2.5203
33.32	2.3339
33.34	2.1774
33.36	2.0452
33.38	1.9333
33.4	1.8381
33.42	1.7571
33.44	1.6879
33.46	1.6289
33.48	1.5785
33.5	1.5356
33.52	1.4993
33.54	1.4686
33.56	1.443
33.58	1.4219
33.6	1.4049
33.62	1.3915
33.64	1.3814
33.66	1.3744
33.68	1.3703
33.7	1.3688
33.72	1.3698
33.74	1.3732
33.76	1.3789
33.78	1.3869
33.8	1.397
33.82	1.4093
33.84	1.4237
33.86	1.4402
33.88	1.4589
33.9	1.4798
33.92	1.5029
33.94	1.5282
33.96	1.556
33.98	1.5862
34	1.6191
34.02	1.6546
34.04	1.6931
34.06	1.7346
34.08	1.7794
34.1	1.8276
34.12	1.8797
34.14	1.9358
34.16	1.9963
34.18	2.0616
34.2	2.1321
34.22	2.2084
34.24	2.2909
34.26	2.3804
34.28	2.4777
34.3	2.5834
34.32	2.6988
34.34	2.8249
34.36	2.9631
34.38	3.1149
34.4	3.2823
34.42	3.4675
34.44	3.673
34.46	3.9021
34.48	4.1585
34.5	4.4469
34.52	4.7727
34.54	5.1429
34.56	5.5658
34.58	6.0518
34.6	6.6135
34.62	7.2666
34.64	8.03
34.66	8.9257
34.68	9.9788
34.7	11.215
34.72	12.654
34.74	14.304
34.76	16.152
34.78	18.155
34.8	20.255
34.82	22.391
34.84	24.505
34.86	26.511
34.88	28.282
34.9	29.674
34.92	30.582
34.94	31.004
34.96	31.068
34.98	31.018
35	31.136
35.02	31.64
35.04	32.603
35.06	33.913
35.08	35.271
35.1	36.249
35.12	36.458
35.14	35.741
35.16	34.252
35.18	32.361
35.2	30.473
35.22	28.911
35.24	27.876
35.26	27.463
35.28	27.684
35.3	28.481
35.32	29.706
35.34	31.109
35.36	32.365
35.38	33.181
35.4	33.447
35.42	33.303
35.44	33.029
35.46	32.862
35.48	32.851
35.5	32.81
35.52	32.395
35.54	31.28
35.56	29.356
35.58	26.797
35.6	23.936
35.62	21.097
35.64	18.491
35.66	16.214
35.68	14.281
35.7	12.669
35.72	11.337
35.74	10.241
35.76	9.3375
35.78	8.5879
35.8	7.9534
35.82	7.3987
35.84	6.8957
35.86	6.4287
35.88	5.9942
35.9	5.5958
35.92	5.2374
35.94	4.9203
35.96	4.6429
35.98	4.4018
36	4.193
36.02	4.0126
36.04	3.857
36.06	3.7231
36.08	3.6084
36.1	3.5108
36.12	3.4285
36.14	3.36
36.16	3.3043
36.18	3.2604
36.2	3.2276
36.22	3.2054
36.24	3.1934
36.26	3.1912
36.28	3.1989
36.3	3.2164
36.32	3.2437
36.34	3.2812
36.36	3.3292
36.38	3.3882
36.4	3.4588
36.42	3.5418
36.44	3.6381
36.46	3.7491
36.48	3.876
36.5	4.0206
36.52	4.1849
36.54	4.3713
36.56	4.5828
36.58	4.8228
36.6	5.0956
36.62	5.4063
36.64	5.761
36.66	6.1674
36.68	6.6349
36.7	7.175
36.72	7.8019
36.74	8.5335
36.76	9.3918
36.78	10.404
36.8	11.604
36.82	13.031
36.84	14.73
36.86	16.75
36.88	19.128
36.9	21.872
36.92	24.927
36.94	28.126
36.96	31.16
36.98	33.634
37	35.224
37.02	35.878
37.04	35.883
37.06	35.724
37.08	35.88
37.1	36.708
37.12	38.415
37.14	41.07
37.16	44.581
37.18	48.637
37.2	52.627
37.22	55.663
37.24	56.813
37.26	55.538
37.28	52.002
37.3	46.958
37.32	41.317
37.34	35.79
37.36	30.783
37.38	26.448
37.4	22.787
37.42	19.735
37.44	17.201
37.46	15.097
37.48	13.344
37.5	11.879
37.52	10.646
37.54	9.6038
37.56	8.7181
37.58	7.9615
37.6	7.3125
37.62	6.7538
37.64	6.2713
37.66	5.854
37.68	5.493
37.7	5.1809
37.72	4.9122
37.74	4.6822
37.76	4.4874
37.78	4.3254
37.8	4.1943
37.82	4.0932
37.84	4.022
37.86	3.9813
37.88	3.9728
37.9	3.9991
37.92	4.0642
37.94	4.1732
37.96	4.3331
37.98	4.5521
38	4.8399
38.02	5.2063
38.04	5.6585
38.06	6.1967
38.08	6.8057
38.1	7.446
38.12	8.0472
38.14	8.511
38.16	8.7367
38.18	8.6651
38.2	8.3155
38.22	7.7789
38.24	7.1715
38.26	6.5897
38.28	6.0931
38.3	5.7097
38.32	5.4481
38.34	5.3075
38.36	5.2821
38.38	5.362
38.4	5.5285
38.42	5.748
38.44	5.9662
38.46	6.1121
38.48	6.1181
38.5	5.9506
38.52	5.6283
38.54	5.2102
38.56	4.7642
38.58	4.3428
38.6	3.9757
38.62	3.6745
38.64	3.4407
38.66	3.2713
38.68	3.162
38.7	3.1081
38.72	3.1048
38.74	3.1447
38.76	3.2152
38.78	3.2951
38.8	3.3556
38.82	3.3669
38.84	3.3126
38.86	3.1985
38.88	3.049
38.9	2.8934
38.92	2.7551
38.94	2.6483
38.96	2.5799
38.98	2.5532
39	2.57
39.02	2.6326
39.04	2.7442
39.06	2.9091
39.08	3.1318
39.1	3.415
39.12	3.7555
39.14	4.137
39.16	4.5222
39.18	4.8492
39.2	5.0419
39.22	5.0415
39.24	4.8391
39.26	4.4817
39.28	4.0437
39.3	3.5925
39.32	3.1712
39.34	2.8
39.36	2.4832
39.38	2.2173
39.4	1.9957
39.42	1.8112
39.44	1.6572
39.46	1.528
39.48	1.4192
39.5	1.3268
39.52	1.248
39.54	1.1803
39.56	1.1219
39.58	1.0713
39.6	1.0271
39.62	0.98853
39.64	0.95466
39.66	0.92486
39.68	0.89859
39.7	0.87542
39.72	0.85496
39.74	0.83692
39.76	0.82105
39.78	0.80713
39.8	0.795
39.82	0.7845
39.84	0.77552
39.86	0.76796
39.88	0.76176
39.9	0.75685
39.92	0.7532
39.94	0.75078
39.96	0.7496
39.98	0.74966
40	0.751
40.02	0.75367
40.04	0.75775
40.06	0.76333
40.08	0.77055
40.1	0.77957
40.12	0.79057
40.14	0.80377
40.16	0.81937
40.18	0.83754
40.2	0.85836
40.22	0.88181
40.24	0.90781
40.26	0.93621
40.28	0.96682
40.3	0.99918
40.32	1.0327
40.34	1.0671
40.36	1.1031
40.38	1.1429
40.4	1.1892
40.42	1.2453
40.44	1.3142
40.46	1.3988
40.48	1.502
40.5	1.6266
40.52	1.7745
40.54	1.9454
40.56	2.1344
40.58	2.329
40.6	2.5083
40.62	2.6472
40.64	2.7273
40.66	2.7492
40.68	2.7328
40.7	2.7071
40.72	2.6969
40.74	2.7157
40.76	2.7638
40.78	2.8285
40.8	2.887
40.82	2.9139
40.84	2.8933
40.86	2.8271
40.88	2.7321
40.9	2.6292
40.92	2.5349
40.94	2.4596
40.96	2.4095
40.98	2.3889
41	2.4004
41.02	2.4446
41.04	2.5196
41.06	2.62
41.08	2.7352
41.1	2.8504
41.12	2.9499
41.14	3.0252
41.16	3.0805
41.18	3.1309
41.2	3.1947
41.22	3.2873
41.24	3.4184
41.26	3.594
41.28	3.8192
41.3	4.1018
41.32	4.4538
41.34	4.8907
41.36	5.4293
41.38	6.0845
41.4	6.863
41.42	7.7538
41.44	8.713
41.46	9.6493
41.48	10.426
41.5	10.897
41.52	10.976
41.54	10.684
41.56	10.135
41.58	9.4753
41.6	8.8292
41.62	8.2739
41.64	7.8426
41.66	7.5389
41.68	7.3557
41.7	7.2898
41.72	7.3482
41.74	7.5461
41.76	7.9021
41.78	8.4339
41.8	9.1558
41.82	10.072
41.84	11.164
41.86	12.382
41.88	13.631
41.9	14.791
41.92	15.765
41.94	16.519
41.96	17.068
41.98	17.406
42	17.453
42.02	17.082
42.04	16.227
42.06	14.952
42.08	13.435
42.1	11.872
42.12	10.409
42.14	9.1224
42.16	8.0347
42.18	7.1383
42.2	6.4115
42.22	5.8269
42.24	5.3552
42.26	4.9659
42.28	4.6292
42.3	4.3208
42.32	4.0276
42.34	3.7487
42.36	3.4901
42.38	3.2588
42.4	3.0585
42.42	2.89
42.44	2.7518
42.46	2.6416
42.48	2.5573
42.5	2.4969
42.52	2.4594
42.54	2.4443
42.56	2.4519
42.58	2.4835
42.6	2.5407
42.62	2.6261
42.64	2.7422
42.66	2.8907
42.68	3.0705
42.7	3.2746
42.72	3.4859
42.74	3.6756
42.76	3.8081
42.78	3.8557
42.8	3.8139
42.82	3.7053
42.84	3.5659
42.86	3.4291
42.88	3.3168
42.9	3.2405
42.92	3.204
42.94	3.2081
42.96	3.2524
42.98	3.3367
43	3.4619
43.02	3.6305
43.04	3.8466
43.06	4.1161
43.08	4.4475
43.1	4.852
43.12	5.3438
43.14	5.9411
43.16	6.6656
43.18	7.5424
43.2	8.5973
43.22	9.8503
43.24	11.303
43.26	12.914
43.28	14.574
43.3	16.078
43.32	17.156
43.34	17.566
43.36	17.23
43.38	16.281
43.4	14.988
43.42	13.62
43.44	12.367
43.46	11.329
43.48	10.543
43.5	10.009
43.52	9.7119
43.54	9.6293
43.56	9.7335
43.58	9.9963
43.6	10.396
43.62	10.926
43.64	11.592
43.66	12.401
43.68	13.339
43.7	14.359
43.72	15.371
43.74	16.239
43.76	16.79
43.78	16.875
43.8	16.457
43.82	15.647
43.84	14.645
43.86	13.633
43.88	12.715
43.9	11.909
43.92	11.177
43.94	10.474
43.96	9.7878
43.98	9.142
44	8.5805
44.02	8.1425
44.04	7.8537
44.06	7.7285
44.08	7.7755
44.1	8.0022
44.12	8.4158
44.14	9.0193
44.16	9.8022
44.18	10.723
44.2	11.689
44.22	12.538
44.24	13.068
44.26	13.107
44.28	12.61
44.3	11.684
44.32	10.523
44.34	9.3127
44.36	8.1791
44.38	7.1828
44.4	6.3407
44.42	5.6464
44.44	5.0841
44.46	4.6365
44.48	4.288
44.5	4.0263
44.52	3.842
44.54	3.7283
44.56	3.6797
44.58	3.6895
44.6	3.7465
44.62	3.8306
44.64	3.9095
44.66	3.9419
44.68	3.8911
44.7	3.743
44.72	3.5139
44.74	3.24
44.76	2.9579
44.78	2.6933
44.8	2.4592
44.82	2.2593
44.84	2.0923
44.86	1.9547
44.88	1.8427
44.9	1.7529
44.92	1.6822
44.94	1.6283
44.96	1.5896
44.98	1.565
45	1.5539
45.02	1.5561
45.04	1.5721
45.06	1.6028
45.08	1.6495
45.1	1.7145
45.12	1.8006
45.14	1.9115
45.16	2.052
45.18	2.2283
45.2	2.4476
45.22	2.7182
45.24	3.0487
45.26	3.4452
45.28	3.9072
45.3	4.4193
45.32	4.9412
45.34	5.4011
45.36	5.7054
45.38	5.7738
45.4	5.5832
45.42	5.1822
45.44	4.6618
45.46	4.1104
45.48	3.588
45.5	3.1243
45.52	2.7276
45.54	2.3948
45.56	2.1182
45.58	1.8888
45.6	1.6983
45.62	1.5395
45.64	1.4065
45.66	1.2944
45.68	1.1996
45.7	1.1189
45.72	1.0499
45.74	0.99066
45.76	0.9397
45.78	0.89575
45.8	0.85783
45.82	0.82513
45.84	0.79701
45.86	0.77297
45.88	0.75259
45.9	0.73556
45.92	0.72165
45.94	0.71069
45.96	0.70256
45.98	0.69723
46	0.6947
46.02	0.69506
46.04	0.69846
46.06	0.70511
46.08	0.71532
46.1	0.72951
46.12	0.74823
46.14	0.77218
46.16	0.80227
46.18	0.83963
46.2	0.88574
46.22	0.94243
46.24	1.012
46.26	1.0973
46.28	1.2017
46.3	1.3288
46.32	1.4824
46.34	1.6646
46.36	1.8743
46.38	2.1028
46.4	2.3296
46.42	2.521
46.44	2.6359
46.46	2.6438
46.48	2.5417
46.5	2.3566
46.52	2.1291
46.54	1.8953
46.56	1.6781
46.58	1.4879
46.6	1.3269
46.62	1.1932
46.64	1.0833
46.66	0.99319
46.68	0.91959
46.7	0.85955
46.72	0.81068
46.74	0.77113
46.76	0.73944
46.78	0.71449
46.8	0.69548
46.82	0.68182
46.84	0.67316
46.86	0.66932
46.88	0.6703
46.9	0.67627
46.92	0.68752
46.94	0.70442
46.96	0.72728
46.98	0.75608
47	0.79005
47.02	0.82706
47.04	0.86332
47.06	0.89394
47.08	0.91491
47.1	0.92549
47.12	0.92881
47.14	0.93001
47.16	0.93327
47.18	0.94004
47.2	0.94859
47.22	0.95509
47.24	0.95583
47.26	0.94968
47.28	0.93887
47.3	0.92767
47.32	0.9203
47.34	0.91981
47.36	0.92798
47.38	0.94584
47.4	0.97408
47.42	1.0134
47.44	1.0643
47.46	1.1276
47.48	1.2032
47.5	1.2899
47.52	1.3845
47.54	1.4814
47.56	1.5746
47.58	1.6606
47.6	1.7423
47.62	1.8286
47.64	1.9319
47.66	2.0642
47.68	2.236
47.7	2.4564
47.72	2.7331
47.74	3.071
47.76	3.4686
47.78	3.9118
47.8	4.3653
47.82	4.767
47.84	5.0375
47.86	5.1103
47.88	4.9683
47.9	4.655
47.92	4.2478
47.94	3.821
47.96	3.4248
47.98	3.0837
48	2.8052
48.02	2.5874
48.04	2.425
48.06	2.3119
48.08	2.2432
48.1	2.2152
48.12	2.2261
48.14	2.2758
48.16	2.3656
48.18	2.499
48.2	2.681
48.22	2.918
48.24	3.217
48.26	3.584
48.28	4.0201
48.3	4.5156
48.32	5.041
48.34	5.5413
48.36	5.9404
48.38	6.1659
48.4	6.1867
48.42	6.0348
48.44	5.7893
48.46	5.5375
48.48	5.3442
48.5	5.2415
48.52	5.2302
48.54	5.283
48.56	5.348
48.58	5.3603
48.6	5.2627
48.62	5.0292
48.64	4.6755
48.66	4.2478
48.68	3.7998
48.7	3.3735
48.72	2.9922
48.74	2.6643
48.76	2.3885
48.78	2.1596
48.8	1.9708
48.82	1.8155
48.84	1.6881
48.86	1.5839
48.88	1.499
48.9	1.4302
48.92	1.3753
48.94	1.3324
48.96	1.2999
48.98	1.2767
49	1.2621
49.02	1.2555
49.04	1.2564
49.06	1.2647
49.08	1.2805
49.1	1.3038
49.12	1.3349
49.14	1.3745
49.16	1.4232
49.18	1.4819
49.2	1.552
49.22	1.635
49.24	1.7328
49.26	1.848
49.28	1.9836
49.3	2.1435
49.32	2.3326
49.34	2.5571
49.36	2.8246
49.38	3.1448
49.4	3.5296
49.42	3.9931
49.44	4.5517
49.46	5.2223
49.48	6.0185
49.5	6.9429
49.52	7.9725
49.54	9.0402
49.56	10.019
49.58	10.737
49.6	11.031
49.62	10.84
49.64	10.238
49.66	9.395
49.68	8.4879
49.7	7.6443
49.72	6.934
49.74	6.3842
49.76	5.9994
49.78	5.7746
49.8	5.7031
49.82	5.778
49.84	5.9901
49.86	6.3219
49.88	6.7365
49.9	7.167
49.92	7.5144
49.94	7.6713
49.96	7.5689
49.98	7.2167
50	6.6957
50.02	6.112
50.04	5.553
50.06	5.072
50.08	4.6929
50.1	4.4208
50.12	4.2505
50.14	4.1697
50.16	4.1583
50.18	4.1853
50.2	4.2099
50.22	4.1903
50.24	4.1011
50.26	3.9469
50.28	3.758
50.3	3.5736
50.32	3.4258
50.34	3.3346
50.36	3.3086
50.38	3.3467
50.4	3.4377
50.42	3.5572
50.44	3.6659
50.46	3.7152
50.48	3.6651
50.5	3.5044
50.52	3.2567
50.54	2.9649
50.56	2.6696
50.58	2.398
50.6	2.163
50.62	1.9676
50.64	1.8089
50.66	1.6812
50.68	1.5772
50.7	1.489
50.72	1.41
50.74	1.3365
50.76	1.2685
50.78	1.2083
50.8	1.1583
50.82	1.1198
50.84	1.0923
50.86	1.0732
50.88	1.0581
50.9	1.0408
50.92	1.016
50.94	0.98138
50.96	0.93889
50.98	0.89302
51	0.84852
51.02	0.80877
51.04	0.7756
51.06	0.74974
51.08	0.73131
51.1	0.72029
51.12	0.71672
51.14	0.72075
51.16	0.73267
51.18	0.75266
51.2	0.78048
51.22	0.81475
51.24	0.85205
51.26	0.88621
51.28	0.90883
51.3	0.91208
51.32	0.89272
51.34	0.8541
51.36	0.80399
51.38	0.75053
51.4	0.69956
51.42	0.65409
51.44	0.61512
51.46	0.58245
51.48	0.55541
51.5	0.53319
51.52	0.51501
51.54	0.5002
51.56	0.48821
51.58	0.4786
51.6	0.47102
51.62	0.46519
51.64	0.4609
51.66	0.45799
51.68	0.45634
51.7	0.45586
51.72	0.45649
51.74	0.45819
51.76	0.46096
51.78	0.46481
51.8	0.46975
51.82	0.47584
51.84	0.48314
51.86	0.49175
51.88	0.50178
51.9	0.51337
51.92	0.5267
51.94	0.54198
51.96	0.55949
51.98	0.57955
52	0.60254
52.02	0.62896
52.04	0.6594
52.06	0.69459
52.08	0.73544
52.1	0.7831
52.12	0.83899
52.14	0.90487
52.16	0.983
52.18	1.0761
52.2	1.1878
52.22	1.322
52.24	1.4838
52.26	1.6782
52.28	1.9099
52.3	2.1807
52.32	2.4858
52.34	2.8082
52.36	3.1132
52.38	3.3491
52.4	3.462
52.42	3.4221
52.44	3.2417
52.46	2.9678
52.48	2.6559
52.5	2.3491
52.52	2.0719
52.54	1.8337
52.56	1.6349
52.58	1.4717
52.6	1.3391
52.62	1.232
52.64	1.1461
52.66	1.0777
52.68	1.0239
52.7	0.98241
52.72	0.95154
52.74	0.93001
52.76	0.91693
52.78	0.91173
52.8	0.91416
52.82	0.92423
52.84	0.94226
52.86	0.96885
52.88	1.005
52.9	1.052
52.92	1.1116
52.94	1.1863
52.96	1.2787
52.98	1.3923
53	1.5305
53.02	1.6961
53.04	1.8896
53.06	2.1059
53.08	2.3308
53.1	2.5372
53.12	2.6879
53.14	2.7483
53.16	2.7044
53.18	2.5718
53.2	2.3863
53.22	2.1851
53.24	1.9952
53.26	1.8311
53.28	1.6978
53.3	1.5953
53.32	1.5218
53.34	1.4747
53.36	1.4517
53.38	1.4511
53.4	1.4712
53.42	1.5095
53.44	1.5619
53.46	1.6207
53.48	1.6744
53.5	1.7095
53.52	1.7162
53.54	1.6936
53.56	1.6502
53.58	1.5984
53.6	1.5495
53.62	1.5107
53.64	1.4853
53.66	1.4744
53.68	1.4778
53.7	1.495
53.72	1.5257
53.74	1.5698
53.76	1.6277
53.78	1.7001
53.8	1.7886
53.82	1.8949
53.84	2.0218
53.86	2.1729
53.88	2.3525
53.9	2.5662
53.92	2.8209
53.94	3.1244
53.96	3.4853
53.98	3.911
54	4.4051
54.02	4.9616
54.04	5.5586
54.06	6.154
54.08	6.6925
54.1	7.1296
54.12	7.4578
54.14	7.7102
54.16	7.9327
54.18	8.1483
54.2	8.343
54.22	8.4816
54.24	8.5398
54.26	8.5221
54.28	8.4508
54.3	8.3401
54.32	8.1852
54.34	7.974
54.36	7.7065
54.38	7.405
54.4	7.1097
54.42	6.8662
54.44	6.7131
54.46	6.6748
54.48	6.7606
54.5	6.9653
54.52	7.2686
54.54	7.6374
54.56	8.0355
54.58	8.4426
54.6	8.8696
54.62	9.3534
54.64	9.9296
54.66	10.601
54.68	11.317
54.7	11.971
54.72	12.431
54.74	12.584
54.76	12.383
54.78	11.855
54.8	11.089
54.82	10.201
54.84	9.2935
54.86	8.438
54.88	7.6725
54.9	7.0157
54.92	6.475
54.94	6.0505
54.96	5.7378
54.98	5.5304
55	5.4224
55.02	5.4099
55.04	5.4915
55.06	5.6687
55.08	5.9451
55.1	6.3242
55.12	6.807
55.14	7.3871
55.16	8.047
55.18	8.7549
55.2	9.4669
55.22	10.134
55.24	10.716
55.26	11.19
55.28	11.556
55.3	11.833
55.32	12.065
55.34	12.311
55.36	12.624
55.38	13.013
55.4	13.429
55.42	13.784
55.44	14.004
55.46	14.087
55.48	14.113
55.5	14.195
55.52	14.411
55.54	14.765
55.56	15.168
55.58	15.461
55.6	15.476
55.62	15.13
55.64	14.474
55.66	13.648
55.68	12.797
55.7	12.001
55.72	11.266
55.74	10.548
55.76	9.8048
55.78	9.0315
55.8	8.2611
55.82	7.5399
55.84	6.9044
55.86	6.3728
55.88	5.9485
55.9	5.6269
55.92	5.4009
55.94	5.2637
55.96	5.2108
55.98	5.2401
56	5.3528
56.02	5.5532
56.04	5.8489
56.06	6.2505
56.08	6.7712
56.1	7.4234
56.12	8.2119
56.14	9.1228
56.16	10.107
56.18	11.066
56.2	11.859
56.22	12.348
56.24	12.472
56.26	12.29
56.28	11.954
56.3	11.63
56.32	11.45
56.34	11.49
56.36	11.782
56.38	12.322
56.4	13.069
56.42	13.938
56.44	14.779
56.46	15.396
56.48	15.587
56.5	15.231
56.52	14.352
56.54	13.11
56.56	11.716
56.58	10.347
56.6	9.1113
56.62	8.0547
56.64	7.1851
56.66	6.4907
56.68	5.9531
56.7	5.5528
56.72	5.2705
56.74	5.0845
56.76	4.9674
56.78	4.882
56.8	4.7834
56.82	4.6305
56.84	4.4037
56.86	4.1133
56.88	3.7898
56.9	3.4665
56.92	3.1671
56.94	2.9032
56.96	2.6777
56.98	2.4885
57	2.3321
57.02	2.2045
57.04	2.1025
57.06	2.0237
57.08	1.9664
57.1	1.9295
57.12	1.9129
57.14	1.917
57.16	1.9428
57.18	1.9922
57.2	2.0674
57.22	2.1703
57.24	2.3018
57.26	2.4601
57.28	2.6383
57.3	2.8246
57.32	3.0045
57.34	3.1671
57.36	3.3087
57.38	3.4277
57.4	3.5143
57.42	3.5458
57.44	3.4966
57.46	3.3566
57.48	3.1421
57.5	2.8871
57.52	2.6267
57.54	2.3851
57.56	2.1748
57.58	1.9991
57.6	1.8564
57.62	1.7433
57.64	1.6561
57.66	1.5914
57.68	1.5464
57.7	1.5191
57.72	1.5081
57.74	1.5127
57.76	1.5328
57.78	1.569
57.8	1.6224
57.82	1.6949
57.84	1.7892
57.86	1.9088
57.88	2.0585
57.9	2.2442
57.92	2.4735
57.94	2.755
57.96	3.0985
57.98	3.5127
58	4.0021
58.02	4.5607
58.04	5.1614
58.06	5.7471
58.08	6.2291
58.1	6.5085
58.12	6.5181
58.14	6.258
58.16	5.7954
58.18	5.2289
58.2	4.6476
58.22	4.1108
58.24	3.6478
58.26	3.2667
58.28	2.9641
58.3	2.7309
58.32	2.555
58.34	2.4215
58.36	2.3129
58.38	2.2104
58.4	2.0993
58.42	1.9739
58.44	1.8383
58.46	1.702
58.48	1.574
58.5	1.4601
58.52	1.3623
58.54	1.2805
58.56	1.2136
58.58	1.1599
58.6	1.118
58.62	1.0866
58.64	1.0648
58.66	1.052
58.68	1.0478
58.7	1.0523
58.72	1.0659
58.74	1.0892
58.76	1.1233
58.78	1.1696
58.8	1.23
58.82	1.3067
58.84	1.4022
58.86	1.5189
58.88	1.6588
58.9	1.8223
58.92	2.008
58.94	2.212
58.96	2.427
58.98	2.6419
59	2.8384
59.02	2.9898
59.04	3.0637
59.06	3.0352
59.08	2.9033
59.1	2.6941
59.12	2.4472
59.14	2.198
59.16	1.969
59.18	1.7703
59.2	1.604
59.22	1.4678
59.24	1.3581
59.26	1.2709
59.28	1.2027
59.3	1.1507
59.32	1.1126
59.34	1.0869
59.36	1.0722
59.38	1.0681
59.4	1.0743
59.42	1.091
59.44	1.1186
59.46	1.1579
59.48	1.2097
59.5	1.2745
59.52	1.3519
59.54	1.4396
59.56	1.5333
59.58	1.6271
59.6	1.7164
59.62	1.8007
59.64	1.8836
59.66	1.9682
59.68	2.0528
59.7	2.1288
59.72	2.1854
59.74	2.2167
59.76	2.2275
59.78	2.2314
59.8	2.2444
59.82	2.281
59.84	2.3524
59.86	2.4678
59.88	2.6344
59.9	2.8581
59.92	3.1414
59.94	3.48
59.96	3.8564
59.98	4.2327
60	4.5488
60.02	4.7351
60.04	4.743
60.06	4.5731
60.08	4.275
60.1	3.9183
60.12	3.5627
60.14	3.2456
60.16	2.9839
60.18	2.7819
60.2	2.6379
60.22	2.5481
60.24	2.5092
60.26	2.5189
60.28	2.5764
60.3	2.6819
60.32	2.8355
60.34	3.0362
60.36	3.2787
60.38	3.5517
60.4	3.835
60.42	4.1012
60.44	4.3256
60.46	4.5004
60.48	4.6438
60.5	4.7906
60.52	4.973
60.54	5.203
60.56	5.4635
60.58	5.7065
60.6	5.8617
60.62	5.8592
60.64	5.6651
60.66	5.3017
60.68	4.8342
60.7	4.3358
60.72	3.8608
60.74	3.4383
60.76	3.0782
60.78	2.7793
60.8	2.5356
60.82	2.3398
60.84	2.1852
60.86	2.0656
60.88	1.9764
60.9	1.9139
60.92	1.8756
60.94	1.8597
60.96	1.865
60.98	1.8906
61	1.936
61.02	2.0006
61.04	2.085
61.06	2.1912
61.08	2.3219
61.1	2.4776
61.12	2.6534
61.14	2.8345
61.16	2.9944
61.18	3.1004
61.2	3.1266
61.22	3.0691
61.24	2.9484
61.26	2.7974
61.28	2.6463
61.3	2.5148
61.32	2.4127
61.34	2.3432
61.36	2.3063
61.38	2.3009
61.4	2.326
61.42	2.3815
61.44	2.4675
61.46	2.5847
61.48	2.7329
61.5	2.9093
61.52	3.106
61.54	3.3069
61.56	3.4883
61.58	3.6253
61.6	3.7042
61.62	3.731
61.64	3.729
61.66	3.7261
61.68	3.7455
61.7	3.8018
61.72	3.9036
61.74	4.0556
61.76	4.2619
61.78	4.5271
61.8	4.8578
61.82	5.2626
61.84	5.7537
61.86	6.3467
61.88	7.062
61.9	7.9254
61.92	8.9683
61.94	10.228
61.96	11.745
61.98	13.558
62	15.688
62.02	18.113
62.04	20.731
62.06	23.318
62.08	25.528
62.1	26.969
62.12	27.344
62.14	26.599
62.16	24.95
62.18	22.78
62.2	20.479
62.22	18.335
62.24	16.509
62.26	15.062
62.28	14.005
62.3	13.323
62.32	12.998
62.34	13.012
62.36	13.35
62.38	13.985
62.4	14.86
62.42	15.866
62.44	16.818
62.46	17.482
62.48	17.65
62.5	17.244
62.52	16.345
62.54	15.134
62.56	13.795
62.58	12.47
62.6	11.255
62.62	10.205
62.64	9.3392
62.66	8.6527
62.68	8.1234
62.7	7.7232
62.72	7.4255
62.74	7.2069
62.76	7.0436
62.78	6.9083
62.8	6.776
62.82	6.6359
62.84	6.4993
62.86	6.3935
62.88	6.3498
62.9	6.3938
62.92	6.5437
62.94	6.8126
62.96	7.2088
62.98	7.7316
63	8.3599
63.02	9.0394
63.04	9.6751
63.06	10.147
63.08	10.355
63.1	10.271
63.12	9.9585
63.14	9.5363
63.16	9.1185
63.18	8.774
63.2	8.5111
63.22	8.2845
63.24	8.0194
63.26	7.6494
63.28	7.1538
63.3	6.5655
63.32	5.9468
63.34	5.3561
63.36	4.8313
63.38	4.3888
63.4	4.0304
63.42	3.7496
63.44	3.5351
63.46	3.3713
63.48	3.2387
63.5	3.1152
63.52	2.9822
63.54	2.8312
63.56	2.6663
63.58	2.4997
63.6	2.344
63.62	2.2078
63.64	2.0953
63.66	2.0078
63.68	1.9449
63.7	1.9056
63.72	1.8889
63.74	1.8935
63.76	1.9168
63.78	1.9544
63.8	1.9994
63.82	2.044
63.84	2.0826
63.86	2.1161
63.88	2.1525
63.9	2.2034
63.92	2.2794
63.94	2.3867
63.96	2.5244
63.98	2.6821
64	2.8371
64.02	2.9557
64.04	3.0029
64.06	2.9589
64.08	2.8315
64.1	2.6501
64.12	2.4503
64.14	2.2595
64.16	2.0936
64.18	1.9591
64.2	1.8571
64.22	1.7862
64.24	1.7446
64.26	1.7311
64.28	1.7453
64.3	1.7877
64.32	1.8599
64.34	1.9642
64.36	2.1029
64.38	2.2769
64.4	2.4827
64.42	2.7088
64.44	2.931
64.46	3.1128
64.48	3.2146
64.5	3.2126
64.52	3.1136
64.54	2.9511
64.56	2.7668
64.58	2.5945
64.6	2.4537
64.62	2.3514
64.64	2.2851
64.66	2.2453
64.68	2.2181
64.7	2.1888
64.72	2.1485
64.74	2.0981
64.76	2.0465
64.78	2.0054
64.8	1.985
64.82	1.9919
64.84	2.0307
64.86	2.1043
64.88	2.2152
64.9	2.3649
64.92	2.5534
64.94	2.777
64.96	3.0273
64.98	3.2907
65	3.5494
65.02	3.7819
65.04	3.9644
65.06	4.0779
65.08	4.1204
65.1	4.111
65.12	4.0776
65.14	4.0383
65.16	3.9908
65.18	3.9188
65.2	3.8079
65.22	3.6611
65.24	3.4986
65.26	3.3455
65.28	3.2203
65.3	3.1302
65.32	3.0741
65.34	3.0486
65.36	3.0535
65.38	3.0941
65.4	3.1782
65.42	3.311
65.44	3.488
65.46	3.6899
65.48	3.8794
65.5	4.0061
65.52	4.0247
65.54	3.919
65.56	3.7115
65.58	3.4491
65.6	3.1794
65.62	2.9364
65.64	2.7376
65.66	2.5899
65.68	2.4935
65.7	2.4458
65.72	2.4424
65.74	2.4771
65.76	2.5414
65.78	2.6251
65.8	2.7182
65.82	2.8136
65.84	2.9062
65.86	2.9906
65.88	3.0578
65.9	3.0941
65.92	3.0845
65.94	3.022
65.96	2.9146
65.98	2.784
66	2.6556
66.02	2.5494
66.04	2.4773
66.06	2.4439
66.08	2.4493
66.1	2.4902
66.12	2.561
66.14	2.6558
66.16	2.7711
66.18	2.9092
66.2	3.0778
66.22	3.2863
66.24	3.5419
66.26	3.8468
66.28	4.2002
66.3	4.6002
66.32	5.0446
66.34	5.5248
66.36	6.0128
66.38	6.4488
66.4	6.7431
66.42	6.8072
66.44	6.6026
66.46	6.1668
66.48	5.5915
66.5	4.9741
66.52	4.3849
66.54	3.8608
66.56	3.4136
66.58	3.0413
66.6	2.7355
66.62	2.4865
66.64	2.2848
66.66	2.1225
66.68	1.993
66.7	1.8912
66.72	1.8131
66.74	1.7558
66.76	1.7174
66.78	1.6965
66.8	1.6927
66.82	1.706
66.84	1.737
66.86	1.7866
66.88	1.8558
66.9	1.9444
66.92	2.05
66.94	2.166
66.96	2.2793
66.98	2.3719
67	2.4257
67.02	2.432
67.04	2.3971
67.06	2.3384
67.08	2.2749
67.1	2.2215
67.12	2.1862
67.14	2.1729
67.16	2.1822
67.18	2.2141
67.2	2.2682
67.22	2.3447
67.24	2.4442
67.26	2.568
67.28	2.7185
67.3	2.8989
67.32	3.1134
67.34	3.3676
67.36	3.6686
67.38	4.0254
67.4	4.4494
67.42	4.9549
67.44	5.5599
67.46	6.287
67.48	7.1635
67.5	8.2201
67.52	9.4877
67.54	10.988
67.56	12.717
67.58	14.615
67.6	16.532
67.62	18.205
67.64	19.304
67.66	19.555
67.68	18.9
67.7	17.529
67.72	15.768
67.74	13.923
67.76	12.199
67.78	10.694
67.8	9.434
67.82	8.4085
67.84	7.5916
67.86	6.9548
67.88	6.4722
67.9	6.1233
67.92	5.8925
67.94	5.7696
67.96	5.7492
67.98	5.8303
68	6.0162
68.02	6.3142
68.04	6.7359
68.06	7.2966
68.08	8.0149
68.1	8.909
68.12	9.9878
68.14	11.234
68.16	12.581
68.18	13.886
68.2	14.933
68.22	15.491
68.24	15.423
68.26	14.772
68.28	13.738
68.3	12.561
68.32	11.429
68.34	10.447
68.36	9.637
68.38	8.9702
68.4	8.3882
68.42	7.8333
68.44	7.2749
68.46	6.7178
68.48	6.1885
68.5	5.7153
68.52	5.3159
68.54	4.997
68.56	4.7577
68.58	4.5943
68.6	4.5027
68.62	4.48
68.64	4.5257
68.66	4.6415
68.68	4.8315
68.7	5.1024
68.72	5.4624
68.74	5.9199
68.76	6.4813
68.78	7.1475
68.8	7.9121
68.82	8.765
68.84	9.7012
68.86	10.728
68.88	11.852
68.9	13.051
68.92	14.229
68.94	15.204
68.96	15.745
68.98	15.673
69	14.968
69.02	13.787
69.04	12.37
69.06	10.931
69.08	9.6092
69.1	8.4686
69.12	7.5241
69.14	6.766
69.16	6.1754
69.18	5.7321
69.2	5.4176
69.22	5.2152
69.24	5.1083
69.26	5.0776
69.28	5.1002
69.3	5.1527
69.32	5.2194
69.34	5.2982
69.36	5.3967
69.38	5.5179
69.4	5.6443
69.42	5.7329
69.44	5.7284
69.46	5.5923
69.48	5.3281
69.5	4.9794
69.52	4.6053
69.54	4.2548
69.56	3.9581
69.58	3.7293
69.6	3.5728
69.62	3.4886
69.64	3.4762
69.66	3.5353
69.68	3.6657
69.7	3.8649
69.72	4.1235
69.74	4.4191
69.76	4.7099
69.78	4.9371
69.8	5.0418
69.82	4.9953
69.84	4.8164
69.86	4.5613
69.88	4.2933
69.9	4.0603
69.92	3.887
69.94	3.7771
69.96	3.7165
69.98	3.6761
70	3.6189
70.02	3.5133
70.04	3.3481
70.06	3.1373
70.08	2.9092
70.1	2.6913
70.12	2.5026
70.14	2.3521
70.16	2.2424
70.18	2.1719
70.2	2.1358
70.22	2.126
70.24	2.1301
70.26	2.1314
70.28	2.1136
70.3	2.0672
70.32	1.9946
70.34	1.9078
70.36	1.8219
70.38	1.7486
70.4	1.6951
70.42	1.6651
70.44	1.66
70.46	1.6806
70.48	1.7271
70.5	1.799
70.52	1.8949
70.54	2.0117
70.56	2.1453
70.58	2.2926
70.6	2.4543
70.62	2.6344
70.64	2.8362
70.66	3.0565
70.68	3.2833
70.7	3.4979
70.72	3.6803
70.74	3.8099
70.76	3.8627
70.78	3.8135
70.8	3.6507
70.82	3.3899
70.84	3.0697
70.86	2.7335
70.88	2.4142
70.9	2.1291
70.92	1.8841
70.94	1.6777
70.96	1.5057
70.98	1.3628
71	1.2441
71.02	1.1453
71.04	1.0627
71.06	0.99352
71.08	0.93537
71.1	0.88644
71.12	0.84525
71.14	0.81066
71.16	0.78176
71.18	0.75785
71.2	0.73838
71.22	0.72294
71.24	0.71126
71.26	0.70315
71.28	0.69853
71.3	0.6974
71.32	0.69989
71.34	0.70617
71.36	0.71649
71.38	0.73114
71.4	0.75035
71.42	0.77415
71.44	0.80218
71.46	0.83338
71.48	0.86574
71.5	0.8964
71.52	0.92269
71.54	0.94369
71.56	0.96122
71.58	0.97916
71.6	1.0019
71.62	1.0332
71.64	1.076
71.66	1.1326
71.68	1.2057
71.7	1.2978
71.72	1.4127
71.74	1.5544
71.76	1.7282
71.78	1.9392
71.8	2.1922
71.82	2.4887
71.84	2.8228
71.86	3.1758
71.88	3.5109
71.9	3.7752
71.92	3.9158
71.94	3.9058
71.96	3.7612
71.98	3.5318
72	3.2762
72.02	3.0402
72.04	2.8497
72.06	2.7122
72.08	2.6212
72.1	2.5584
72.12	2.498
72.14	2.4141
72.16	2.2916
72.18	2.1328
72.2	1.9533
72.22	1.772
72.24	1.6031
72.26	1.454
72.28	1.3268
72.3	1.2204
72.32	1.1325
72.34	1.0604
72.36	1.0016
72.38	0.95391
72.4	0.91566
72.42	0.8854
72.44	0.86202
72.46	0.84467
72.48	0.83271
72.5	0.82566
72.52	0.8232
72.54	0.82515
72.56	0.83144
72.58	0.84213
72.6	0.85737
72.62	0.87747
72.64	0.90286
72.66	0.93415
72.68	0.97212
72.7	1.0178
72.72	1.0725
72.74	1.138
72.76	1.2163
72.78	1.3099
72.8	1.4222
72.82	1.5566
72.84	1.7172
72.86	1.9072
72.88	2.1286
72.9	2.3796
72.92	2.6522
72.94	2.9298
72.96	3.1857
72.98	3.3841
73	3.4897
73.02	3.4836
73.04	3.3771
73.06	3.2071
73.08	3.018
73.1	2.8453
73.12	2.7105
73.14	2.6236
73.16	2.5877
73.18	2.6023
73.2	2.6648
73.22	2.77
73.24	2.9089
73.26	3.0685
73.28	3.234
73.3	3.3963
73.32	3.5588
73.34	3.738
73.36	3.9555
73.38	4.2276
73.4	4.5563
73.42	4.924
73.44	5.2906
73.46	5.6012
73.48	5.8094
73.5	5.9042
73.52	5.9193
73.54	5.9126
73.56	5.9354
73.58	6.012
73.6	6.1371
73.62	6.2819
73.64	6.4047
73.66	6.4646
73.68	6.4378
73.7	6.3317
73.72	6.1786
73.74	6.0114
73.76	5.8401
73.78	5.6479
73.8	5.4087
73.82	5.1122
73.84	4.7754
73.86	4.4327
73.88	4.1182
73.9	3.8543
73.92	3.652
73.94	3.514
73.96	3.4398
73.98	3.4281
74	3.4788
74.02	3.594
74.04	3.7779
74.06	4.0368
74.08	4.3788
74.1	4.811
74.12	5.3361
74.14	5.9451
74.16	6.6072
74.18	7.2628
74.2	7.8285
74.22	8.2256
74.24	8.418
74.26	8.4255
74.28	8.2959
74.3	8.0667
74.32	7.7562
74.34	7.3816
74.36	6.9735
74.38	6.5675
74.4	6.1854
74.42	5.8285
74.44	5.4875
74.46	5.159
74.48	4.8528
74.5	4.5868
74.52	4.3774
74.54	4.2353
74.56	4.1658
74.58	4.1713
74.6	4.2535
74.62	4.4146
74.64	4.6568
74.66	4.9817
74.68	5.3883
74.7	5.8722
74.72	6.4284
74.74	7.054
74.76	7.7456
74.78	8.4837
74.8	9.2107
74.82	9.8192
74.84	10.176
74.86	10.183
74.88	9.8416
74.9	9.2513
74.92	8.5546
74.94	7.8745
74.96	7.2877
74.98	6.8305
75	6.5149
75.02	6.344
75.04	6.3192
75.06	6.4435
75.08	6.721
75.1	7.1546
75.12	7.7395
75.14	8.453
75.16	9.239
75.18	9.9948
75.2	10.576
75.22	10.84
75.24	10.713
75.26	10.237
75.28	9.5448
75.3	8.7885
75.32	8.0818
75.34	7.4819
75.36	6.9984
75.38	6.6099
75.4	6.2846
75.42	5.9997
75.44	5.7529
75.46	5.5595
75.48	5.4399
75.5	5.4082
75.52	5.4664
75.54	5.6004
75.56	5.7776
75.58	5.949
75.6	6.0634
75.62	6.0914
75.64	6.0431
75.66	5.9623
75.68	5.9002
75.7	5.8906
75.72	5.9361
75.74	6.0047
75.76	6.0376
75.78	5.9705
75.8	5.7652
75.82	5.43
75.84	5.0118
75.86	4.5689
75.88	4.1468
75.9	3.7706
75.92	3.4477
75.94	3.1761
75.96	2.9509
75.98	2.7674
76	2.6223
76.02	2.5132
76.04	2.4382
76.06	2.3957
76.08	2.3848
76.1	2.4055
76.12	2.4583
76.14	2.5442
76.16	2.6632
76.18	2.813
76.2	2.9866
76.22	3.1703
76.24	3.3447
76.26	3.492
76.28	3.6053
76.3	3.6935
76.32	3.774
76.34	3.8607
76.36	3.9562
76.38	4.0551
76.4	4.1529
76.42	4.254
76.44	4.3697
76.46	4.5091
76.48	4.6712
76.5	4.8467
76.52	5.0272
76.54	5.216
76.56	5.4295
76.58	5.6892
76.6	6.0156
76.62	6.4276
76.64	6.9454
76.66	7.5876
76.68	8.3603
76.7	9.2428
76.72	10.175
76.74	11.059
76.76	11.78
76.78	12.242
76.8	12.389
76.82	12.212
76.84	11.741
76.86	11.035
76.88	10.181
76.9	9.2743
76.92	8.4024
76.94	7.6249
76.96	6.9732
76.98	6.4575
77	6.0767
77.02	5.8238
77.04	5.6865
77.06	5.646
77.08	5.6789
77.1	5.7601
77.12	5.8668
77.14	5.9757
77.16	6.054
77.18	6.0582
77.2	5.95
77.22	5.7223
77.24	5.4072
77.26	5.059
77.28	4.7264
77.3	4.4384
77.32	4.204
77.34	4.0214
77.36	3.8873
77.38	3.8013
77.4	3.7635
77.42	3.7674
77.44	3.7949
77.46	3.8151
77.48	3.7928
77.5	3.7045
77.52	3.5513
77.54	3.3576
77.56	3.1569
77.58	2.9774
77.6	2.8362
77.62	2.7401
77.64	2.6876
77.66	2.67
77.68	2.6717
77.7	2.672
77.72	2.6508
77.74	2.5975
77.76	2.5169
77.78	2.4253
77.8	2.3411
77.82	2.2786
77.84	2.2459
77.86	2.2456
77.88	2.2762
77.9	2.3324
77.92	2.4053
77.94	2.4836
77.96	2.5583
77.98	2.6279
78	2.6991
78.02	2.7822
78.04	2.8831
78.06	2.9983
78.08	3.1142
78.1	3.2133
78.12	3.2842
78.14	3.327
78.16	3.3494
78.18	3.3585
78.2	3.3584
78.22	3.3549
78.24	3.359
78.26	3.3832
78.28	3.4349
78.3	3.5135
78.32	3.6119
78.34	3.7192
78.36	3.819
78.38	3.8888
78.4	3.9063
78.42	3.8628
78.44	3.7708
78.46	3.6584
78.48	3.5561
78.5	3.4867
78.52	3.4616
78.54	3.4791
78.56	3.5237
78.58	3.5699
78.6	3.5915
78.62	3.5758
78.64	3.5316
78.66	3.483
78.68	3.4547
78.7	3.46
78.72	3.495
78.74	3.5398
78.76	3.5659
78.78	3.5508
78.8	3.4919
78.82	3.4087
78.84	3.3318
78.86	3.2889
78.88	3.2971
78.9	3.3614
78.92	3.4738
78.94	3.6119
78.96	3.7408
78.98	3.8218
79	3.8298
79.02	3.7678
79.04	3.6642
79.06	3.5551
79.08	3.4671
79.1	3.4098
79.12	3.3786
79.14	3.3622
79.16	3.3519
79.18	3.3465
79.2	3.353
79.22	3.3846
79.24	3.4578
79.26	3.5887
79.28	3.7874
79.3	4.0537
79.32	4.3704
79.34	4.699
79.36	4.9798
79.38	5.1465
79.4	5.1533
79.42	4.9953
79.44	4.7056
79.46	4.3362
79.48	3.9362
79.5	3.5405
79.52	3.1682
79.54	2.8279
79.56	2.5228
79.58	2.2543
79.6	2.0216
79.62	1.8222
79.64	1.6532
79.66	1.511
79.68	1.3923
79.7	1.2938
79.72	1.2126
79.74	1.1463
79.76	1.0928
79.78	1.0507
79.8	1.0188
79.82	0.99642
79.84	0.98301
79.86	0.97847
79.88	0.98292
79.9	0.99669
79.92	1.0203
79.94	1.0542
79.96	1.0987
79.98	1.1539
80	1.2195
