 4.00000  36.14551
 4.02000  34.54533
 4.04000  33.05900
 4.06000  31.67881
 4.08000  30.39490
 4.10000  29.20918
 4.12000  28.13716
 4.14000  27.19025
 4.16000  26.36081
 4.18000  25.62962
 4.20000  24.98759
 4.22000  24.44690
 4.24000  24.02917
 4.26000  23.74317
 4.28000  23.57254
 4.30000  23.48001
 4.32000  23.42011
 4.34000  23.35195
 4.36000  23.25135
 4.38000  23.11984
 4.40000  22.98017
 4.42000  22.85900
 4.44000  22.77263
 4.46000  22.72578
 4.48000  22.71795
 4.50000  22.74782
 4.52000  22.81183
 4.54000  22.90093
 4.56000  22.99825
 4.58000  23.07420
 4.60000  23.08287
 4.62000  22.97657
 4.64000  22.73689
 4.66000  22.39135
 4.68000  21.99775
 4.70000  21.61644
 4.72000  21.29053
 4.74000  21.03115
 4.76000  20.80942
 4.78000  20.57050
 4.80000  20.27081
 4.82000  19.91331
 4.84000  19.55111
 4.86000  19.25580
 4.88000  19.07585
 4.90000  19.01188
 4.92000  19.01825
 4.94000  19.02663
 4.96000  18.97742
 4.98000  18.83912
 5.00000  18.60562
 5.02000  18.28341
 5.04000  17.88685
 5.06000  17.43995
 5.08000  16.96917
 5.10000  16.49125
 5.12000  16.01518
 5.14000  15.55816
 5.16000  15.15395
 5.18000  14.84264
 5.20000  14.65211
 5.22000  14.58553
 5.24000  14.62014
 5.26000  14.71539
 5.28000  14.82590
 5.30000  14.91330
 5.32000  14.95491
 5.34000  14.94895
 5.36000  14.91254
 5.38000  14.87147
 5.40000  14.85013
 5.42000  14.86898
 5.44000  14.94649
 5.46000  15.10015
 5.48000  15.34568
 5.50000  15.69630
 5.52000  16.16246
 5.54000  16.75247
 5.56000  17.47457
 5.58000  18.34006
 5.60000  19.36592
 5.62000  20.57723
 5.64000  22.00900
 5.66000  23.70616
 5.68000  25.72227
 5.70000  28.11924
 5.72000  30.96917
 5.74000  34.35778
 5.76000  38.38820
 5.78000  43.17900
 5.80000  48.84615
 5.82000  55.45910
 5.84000  62.96952
 5.86000  71.12525
 5.88000  79.41294
 5.90000  87.10144
 5.92000  93.41990
 5.94000  97.78723
 5.96000  99.95234
 5.98000 100.00000
 6.00000  98.25870
 6.02000  95.14226
 6.04000  91.00954
 6.06000  86.14428
 6.08000  80.81427
 6.10000  75.28771
 6.12000  69.78641
 6.14000  64.44209
 6.16000  59.29688
 6.18000  54.34873
 6.20000  49.61042
 6.22000  45.13513
 6.24000  40.99473
 6.26000  37.23773
 6.28000  33.86167
 6.30000  30.82121
 6.32000  28.06342
 6.34000  25.55717
 6.36000  23.29581
 6.38000  21.28231
 6.40000  19.51508
 6.42000  17.98079
 6.44000  16.65425
 6.46000  15.50441
 6.48000  14.50368
 6.50000  13.63430
 6.52000  12.88755
 6.54000  12.25813
 6.56000  11.73855
 6.58000  11.31610
 6.60000  10.97301
 6.62000  10.68912
 6.64000  10.44548
 6.66000  10.22722
 6.68000  10.02485
 6.70000   9.83565
 6.72000   9.66520
 6.74000   9.52564
 6.76000   9.42876
 6.78000   9.37816
 6.80000   9.36602
 6.82000   9.37570
 6.84000   9.38692
 6.86000   9.38004
 6.88000   9.33924
 6.90000   9.25618
 6.92000   9.13245
 6.94000   8.97705
 6.96000   8.79953
 6.98000   8.60467
 7.00000   8.39409
 7.02000   8.17346
 7.04000   7.95607
 7.06000   7.75698
 7.08000   7.58318
 7.10000   7.42949
 7.12000   7.28285
 7.14000   7.12936
 7.16000   6.95877
 7.18000   6.76609
 7.20000   6.55172
 7.22000   6.32041
 7.24000   6.08017
 7.26000   5.84126
 7.28000   5.61374
 7.30000   5.40316
 7.32000   5.20724
 7.34000   5.01682
 7.36000   4.82112
 7.38000   4.61410
 7.40000   4.39747
 7.42000   4.17856
 7.44000   3.96539
 7.46000   3.76337
 7.48000   3.57482
 7.50000   3.40008
 7.52000   3.23864
 7.54000   3.08964
 7.56000   2.95195
 7.58000   2.82431
 7.60000   2.70586
 7.62000   2.59654
 7.64000   2.49655
 7.66000   2.40550
 7.68000   2.32221
 7.70000   2.24536
 7.72000   2.17429
 7.74000   2.10945
 7.76000   2.05209
 7.78000   2.00358
 7.80000   1.96466
 7.82000   1.93525
 7.84000   1.91477
 7.86000   1.90273
 7.88000   1.89867
 7.90000   1.90163
 7.92000   1.90966
 7.94000   1.92001
 7.96000   1.93014
 7.98000   1.93908
 8.00000   1.94804
 8.02000   1.95985
 8.04000   1.97737
 8.06000   2.00214
 8.08000   2.03384
 8.10000   2.07077
 8.12000   2.11095
 8.14000   2.15305
 8.16000   2.19692
 8.18000   2.24309
 8.20000   2.29140
 8.22000   2.33999
 8.24000   2.38585
 8.26000   2.42715
 8.28000   2.46507
 8.30000   2.50318
 8.32000   2.54499
 8.34000   2.59183
 8.36000   2.64271
 8.38000   2.69581
 8.40000   2.75014
 8.42000   2.80624
 8.44000   2.86594
 8.46000   2.93126
 8.48000   3.00285
 8.50000   3.07930
 8.52000   3.15834
 8.54000   3.23907
 8.56000   3.32294
 8.58000   3.41302
 8.60000   3.51289
 8.62000   3.62613
 8.64000   3.75657
 8.66000   3.90932
 8.68000   4.09206
 8.70000   4.31548
 8.72000   4.59211
 8.74000   4.93392
 8.76000   5.34909
 8.78000   5.83763
 8.80000   6.38549
 8.82000   6.95926
 8.84000   7.50598
 8.86000   7.96264
 8.88000   8.27408
 8.90000   8.40937
 8.92000   8.36687
 8.94000   8.16735
 8.96000   7.84323
 8.98000   7.43069
 9.00000   6.96422
 9.02000   6.47227
 9.04000   5.97592
 9.06000   5.49060
 9.08000   5.02814
 9.10000   4.59721
 9.12000   4.20306
 9.14000   3.84798
 9.16000   3.53220
 9.18000   3.25441
 9.20000   3.01202
 9.22000   2.80175
 9.24000   2.62024
 9.26000   2.46436
 9.28000   2.33110
 9.30000   2.21736
 9.32000   2.12002
 9.34000   2.03614
 9.36000   1.96306
 9.38000   1.89852
 9.40000   1.84077
 9.42000   1.78885
 9.44000   1.74274
 9.46000   1.70296
 9.48000   1.66974
 9.50000   1.64231
 9.52000   1.61860
 9.54000   1.59583
 9.56000   1.57143
 9.58000   1.54400
 9.60000   1.51375
 9.62000   1.48223
 9.64000   1.45147
 9.66000   1.42304
 9.68000   1.39721
 9.70000   1.37291
 9.72000   1.34855
 9.74000   1.32293
 9.76000   1.29580
 9.78000   1.26770
 9.80000   1.23962
 9.82000   1.21259
 9.84000   1.18714
 9.86000   1.16305
 9.88000   1.13944
 9.90000   1.11527
 9.92000   1.08999
 9.94000   1.06391
 9.96000   1.03817
 9.98000   1.01408
10.00000   0.99252
10.02000   0.97356
10.04000   0.95663
10.06000   0.94110
10.08000   0.92679
10.10000   0.91413
10.12000   0.90375
10.14000   0.89611
10.16000   0.89142
10.18000   0.88972
10.20000   0.89097
10.22000   0.89500
10.24000   0.90137
10.26000   0.90914
10.28000   0.91698
10.30000   0.92341
10.32000   0.92726
10.34000   0.92795
10.36000   0.92582
10.38000   0.92209
10.40000   0.91855
10.42000   0.91709
10.44000   0.91926
10.46000   0.92598
10.48000   0.93723
10.50000   0.95195
10.52000   0.96836
10.54000   0.98473
10.56000   0.99981
10.58000   1.01292
10.60000   1.02368
10.62000   1.03174
10.64000   1.03665
10.66000   1.03808
10.68000   1.03587
10.70000   1.03022
10.72000   1.02191
10.74000   1.01224
10.76000   1.00273
10.78000   0.99439
10.80000   0.98746
10.82000   0.98146
10.84000   0.97553
10.86000   0.96877
10.88000   0.96072
10.90000   0.95161
10.92000   0.94229
10.94000   0.93398
10.96000   0.92793
10.98000   0.92499
11.00000   0.92510
11.02000   0.92691
11.04000   0.92799
11.06000   0.92550
11.08000   0.91713
11.10000   0.90203
11.12000   0.88112
11.14000   0.85673
11.16000   0.83157
11.18000   0.80782
11.20000   0.78689
11.22000   0.76954
11.24000   0.75589
11.26000   0.74547
11.28000   0.73724
11.30000   0.73003
11.32000   0.72312
11.34000   0.71657
11.36000   0.71126
11.38000   0.70840
11.40000   0.70879
11.42000   0.71228
11.44000   0.71771
11.46000   0.72331
11.48000   0.72769
11.50000   0.73055
11.52000   0.73276
11.54000   0.73591
11.56000   0.74184
11.58000   0.75235
11.60000   0.76911
11.62000   0.79346
11.64000   0.82623
11.66000   0.86784
11.68000   0.91865
11.70000   0.97934
11.72000   1.05073
11.74000   1.13280
11.76000   1.22311
11.78000   1.31555
11.80000   1.40040
11.82000   1.46656
11.84000   1.50501
11.86000   1.51158
11.88000   1.48746
11.90000   1.43789
11.92000   1.37019
11.94000   1.29204
11.96000   1.21021
11.98000   1.12996
12.00000   1.05477
12.02000   0.98645
12.04000   0.92569
12.06000   0.87269
12.08000   0.82757
12.10000   0.79037
12.12000   0.76082
12.14000   0.73809
12.16000   0.72085
12.18000   0.70743
12.20000   0.69618
12.22000   0.68571
12.24000   0.67515
12.26000   0.66422
12.28000   0.65310
12.30000   0.64213
12.32000   0.63176
12.34000   0.62247
12.36000   0.61466
12.38000   0.60844
12.40000   0.60361
12.42000   0.59976
12.44000   0.59653
12.46000   0.59378
12.48000   0.59141
12.50000   0.58911
12.52000   0.58617
12.54000   0.58162
12.56000   0.57467
12.58000   0.56509
12.60000   0.55336
12.62000   0.54042
12.64000   0.52726
12.66000   0.51467
12.68000   0.50314
12.70000   0.49282
12.72000   0.48359
12.74000   0.47518
12.76000   0.46742
12.78000   0.46037
12.80000   0.45430
12.82000   0.44946
12.84000   0.44588
12.86000   0.44330
12.88000   0.44126
12.90000   0.43928
12.92000   0.43695
12.94000   0.43410
12.96000   0.43080
12.98000   0.42734
13.00000   0.42406
13.02000   0.42122
13.04000   0.41900
13.06000   0.41753
13.08000   0.41686
13.10000   0.41697
13.12000   0.41782
13.14000   0.41937
13.16000   0.42153
13.18000   0.42410
13.20000   0.42679
13.22000   0.42926
13.24000   0.43123
13.26000   0.43252
13.28000   0.43306
13.30000   0.43297
13.32000   0.43249
13.34000   0.43195
13.36000   0.43157
13.38000   0.43149
13.40000   0.43175
13.42000   0.43239
13.44000   0.43347
13.46000   0.43500
13.48000   0.43695
13.50000   0.43932
13.52000   0.44222
13.54000   0.44581
13.56000   0.45006
13.58000   0.45457
13.60000   0.45860
13.62000   0.46147
13.64000   0.46293
13.66000   0.46333
13.68000   0.46331
13.70000   0.46353
13.72000   0.46442
13.74000   0.46613
13.76000   0.46855
13.78000   0.47136
13.80000   0.47417
13.82000   0.47652
13.84000   0.47810
13.86000   0.47881
13.88000   0.47887
13.90000   0.47877
13.92000   0.47917
13.94000   0.48065
13.96000   0.48349
13.98000   0.48759
14.00000   0.49271
14.02000   0.49867
14.04000   0.50537
14.06000   0.51274
14.08000   0.52075
14.10000   0.52953
14.12000   0.53914
14.14000   0.54929
14.16000   0.55921
14.18000   0.56797
14.20000   0.57495
14.22000   0.58028
14.24000   0.58488
14.26000   0.59007
14.28000   0.59704
14.30000   0.60658
14.32000   0.61907
14.34000   0.63467
14.36000   0.65346
14.38000   0.67573
14.40000   0.70204
14.42000   0.73323
14.44000   0.77033
14.46000   0.81437
14.48000   0.86628
14.50000   0.92682
14.52000   0.99670
14.54000   1.07694
14.56000   1.16943
14.58000   1.27744
14.60000   1.40565
14.62000   1.55984
14.64000   1.74616
14.66000   1.97018
14.68000   2.23519
14.70000   2.53924
14.72000   2.87097
14.74000   3.20560
14.76000   3.50489
14.78000   3.72512
14.80000   3.83172
14.82000   3.81190
14.84000   3.67689
14.86000   3.45414
14.88000   3.17662
14.90000   2.87469
14.92000   2.57224
14.94000   2.28573
14.96000   2.02500
14.98000   1.79482
15.00000   1.59646
15.02000   1.42886
15.04000   1.28940
15.06000   1.17449
15.08000   1.08018
15.10000   1.00266
15.12000   0.93862
15.14000   0.88537
15.16000   0.84074
15.18000   0.80283
15.20000   0.77004
15.22000   0.74105
15.24000   0.71490
15.26000   0.69085
15.28000   0.66827
15.30000   0.64665
15.32000   0.62559
15.34000   0.60490
15.36000   0.58463
15.38000   0.56502
15.40000   0.54634
15.42000   0.52872
15.44000   0.51218
15.46000   0.49674
15.48000   0.48248
15.50000   0.46954
15.52000   0.45804
15.54000   0.44803
15.56000   0.43958
15.58000   0.43268
15.60000   0.42725
15.62000   0.42310
15.64000   0.41999
15.66000   0.41773
15.68000   0.41632
15.70000   0.41585
15.72000   0.41638
15.74000   0.41780
15.76000   0.41989
15.78000   0.42244
15.80000   0.42534
15.82000   0.42858
15.84000   0.43219
15.86000   0.43606
15.88000   0.44003
15.90000   0.44393
15.92000   0.44761
15.94000   0.45087
15.96000   0.45341
15.98000   0.45497
16.00000   0.45543
16.02000   0.45500
16.04000   0.45410
16.06000   0.45325
16.08000   0.45283
16.10000   0.45299
16.12000   0.45354
16.14000   0.45415
16.16000   0.45452
16.18000   0.45462
16.20000   0.45453
16.22000   0.45433
16.24000   0.45390
16.26000   0.45315
16.28000   0.45208
16.30000   0.45072
16.32000   0.44900
16.34000   0.44664
16.36000   0.44335
16.38000   0.43906
16.40000   0.43409
16.42000   0.42910
16.44000   0.42476
16.46000   0.42148
16.48000   0.41926
16.50000   0.41781
16.52000   0.41678
16.54000   0.41593
16.56000   0.41516
16.58000   0.41440
16.60000   0.41356
16.62000   0.41259
16.64000   0.41149
16.66000   0.41031
16.68000   0.40899
16.70000   0.40733
16.72000   0.40496
16.74000   0.40159
16.76000   0.39718
16.78000   0.39210
16.80000   0.38696
16.82000   0.38237
16.84000   0.37881
16.86000   0.37650
16.88000   0.37550
16.90000   0.37566
16.92000   0.37665
16.94000   0.37812
16.96000   0.37978
16.98000   0.38156
17.00000   0.38349
17.02000   0.38552
17.04000   0.38753
17.06000   0.38939
17.08000   0.39106
17.10000   0.39250
17.12000   0.39363
17.14000   0.39447
17.16000   0.39522
17.18000   0.39627
17.20000   0.39814
17.22000   0.40129
17.24000   0.40608
17.26000   0.41266
17.28000   0.42100
17.30000   0.43097
17.32000   0.44255
17.34000   0.45595
17.36000   0.47155
17.38000   0.48988
17.40000   0.51143
17.42000   0.53660
17.44000   0.56562
17.46000   0.59859
17.48000   0.63565
17.50000   0.67723
17.52000   0.72431
17.54000   0.77858
17.56000   0.84245
17.58000   0.91887
17.60000   1.01106
17.62000   1.12216
17.64000   1.25465
17.66000   1.40924
17.68000   1.58320
17.70000   1.76799
17.72000   1.94748
17.74000   2.09916
17.76000   2.20015
17.78000   2.23567
17.80000   2.20450
17.82000   2.11774
17.84000   1.99308
17.86000   1.84878
17.88000   1.70004
17.90000   1.55780
17.92000   1.42900
17.94000   1.31729
17.96000   1.22375
17.98000   1.14769
18.00000   1.08748
18.02000   1.04113
18.04000   1.00642
18.06000   0.98089
18.08000   0.96195
18.10000   0.94722
18.12000   0.93514
18.14000   0.92526
18.16000   0.91799
18.18000   0.91386
18.20000   0.91292
18.22000   0.91472
18.24000   0.91841
18.26000   0.92291
18.28000   0.92702
18.30000   0.92984
18.32000   0.93120
18.34000   0.93176
18.36000   0.93294
18.38000   0.93654
18.40000   0.94391
18.42000   0.95513
18.44000   0.96875
18.46000   0.98247
18.48000   0.99417
18.50000   1.00292
18.52000   1.00936
18.54000   1.01548
18.56000   1.02362
18.58000   1.03572
18.60000   1.05301
18.62000   1.07581
18.64000   1.10320
18.66000   1.13267
18.68000   1.16071
18.70000   1.18400
18.72000   1.20096
18.74000   1.21281
18.76000   1.22326
18.78000   1.23670
18.80000   1.25579
18.82000   1.28032
18.84000   1.30753
18.86000   1.33338
18.88000   1.35409
18.90000   1.36767
18.92000   1.37470
18.94000   1.37783
18.96000   1.38082
18.98000   1.38770
19.00000   1.40198
19.02000   1.42532
19.04000   1.45647
19.06000   1.49140
19.08000   1.52490
19.10000   1.55265
19.12000   1.57291
19.14000   1.58692
19.16000   1.59777
19.18000   1.60881
19.20000   1.62256
19.22000   1.64047
19.24000   1.66263
19.26000   1.68720
19.28000   1.71065
19.30000   1.72927
19.32000   1.74102
19.34000   1.74684
19.36000   1.75062
19.38000   1.75766
19.40000   1.77219
19.42000   1.79561
19.44000   1.82627
19.46000   1.86057
19.48000   1.89443
19.50000   1.92484
19.52000   1.95057
19.54000   1.97150
19.56000   1.98745
19.58000   1.99851
19.60000   2.00637
19.62000   2.01414
19.64000   2.02423
19.66000   2.03663
19.68000   2.04922
19.70000   2.05961
19.72000   2.06678
19.74000   2.07162
19.76000   2.07635
19.78000   2.08324
19.80000   2.09390
19.82000   2.10914
19.84000   2.12864
19.86000   2.15056
19.88000   2.17230
19.90000   2.19220
19.92000   2.21003
19.94000   2.22589
19.96000   2.23905
19.98000   2.24839
20.00000   2.25344
20.02000   2.25489
20.04000   2.25393
20.06000   2.25123
20.08000   2.24653
20.10000   2.23965
20.12000   2.23171
20.14000   2.22507
20.16000   2.22203
20.18000   2.22384
20.20000   2.23093
20.22000   2.24298
20.24000   2.25851
20.26000   2.27455
20.28000   2.28772
20.30000   2.29572
20.32000   2.29826
20.34000   2.29691
20.36000   2.29442
20.38000   2.29340
20.40000   2.29480
20.42000   2.29720
20.44000   2.29775
20.46000   2.29371
20.48000   2.28371
20.50000   2.26844
20.52000   2.25042
20.54000   2.23324
20.56000   2.22075
20.58000   2.21669
20.60000   2.22387
20.62000   2.24256
20.64000   2.26911
20.66000   2.29622
20.68000   2.31564
20.70000   2.32176
20.72000   2.31370
20.74000   2.29503
20.76000   2.27192
20.78000   2.25063
20.80000   2.23518
20.82000   2.22580
20.84000   2.21905
20.86000   2.20975
20.88000   2.19382
20.90000   2.17034
20.92000   2.14153
20.94000   2.11156
20.96000   2.08551
20.98000   2.06858
21.00000   2.06449
21.02000   2.07310
21.04000   2.08902
21.06000   2.10276
21.08000   2.10460
21.10000   2.08904
21.12000   2.05710
21.14000   2.01500
21.16000   1.97088
21.18000   1.93177
21.20000   1.90220
21.22000   1.88380
21.24000   1.87521
21.26000   1.87218
21.28000   1.86896
21.30000   1.86063
21.32000   1.84563
21.34000   1.82653
21.36000   1.80855
21.38000   1.79682
21.40000   1.79403
21.42000   1.79939
21.44000   1.80894
21.46000   1.81656
21.48000   1.81569
21.50000   1.80189
21.52000   1.77475
21.54000   1.73792
21.56000   1.69719
21.58000   1.65845
21.60000   1.62632
21.62000   1.60347
21.64000   1.59033
21.66000   1.58534
21.68000   1.58547
21.70000   1.58710
21.72000   1.58694
21.74000   1.58310
21.76000   1.57561
21.78000   1.56623
21.80000   1.55766
21.82000   1.55247
21.84000   1.55142
21.86000   1.55229
21.88000   1.55031
21.90000   1.54069
21.92000   1.52123
21.94000   1.49314
21.96000   1.45996
21.98000   1.42602
22.00000   1.39547
22.02000   1.37192
22.04000   1.35774
22.06000   1.35326
22.08000   1.35621
22.10000   1.36219
22.12000   1.36614
22.14000   1.36422
22.16000   1.35536
22.18000   1.34173
22.20000   1.32771
22.22000   1.31775
22.24000   1.31447
22.26000   1.31725
22.28000   1.32212
22.30000   1.32334
22.32000   1.31631
22.34000   1.30010
22.36000   1.27783
22.38000   1.25486
22.40000   1.23643
22.42000   1.22591
22.44000   1.22381
22.46000   1.22750
22.48000   1.23191
22.50000   1.23146
22.52000   1.22254
22.54000   1.20525
22.56000   1.18288
22.58000   1.15995
22.60000   1.14040
22.62000   1.12659
22.64000   1.11900
22.66000   1.11636
22.68000   1.11617
22.70000   1.11554
22.72000   1.11241
22.74000   1.10672
22.76000   1.10050
22.78000   1.09657
22.80000   1.09679
22.82000   1.10106
22.84000   1.10719
22.86000   1.11140
22.88000   1.10962
22.90000   1.09916
22.92000   1.08014
22.94000   1.05547
22.96000   1.02924
22.98000   1.00496
23.00000   0.98472
23.02000   0.96948
23.04000   0.95965
23.06000   0.95548
23.08000   0.95693
23.10000   0.96334
23.12000   0.97320
23.14000   0.98457
23.16000   0.99605
23.18000   1.00744
23.20000   1.01933
23.22000   1.03180
23.24000   1.04327
23.26000   1.05063
23.28000   1.05092
23.30000   1.04312
23.32000   1.02862
23.34000   1.01024
23.36000   0.99118
23.38000   0.97441
23.40000   0.96255
23.42000   0.95752
23.44000   0.96027
23.46000   0.97067
23.48000   0.98771
23.50000   1.00994
23.52000   1.03604
23.54000   1.06549
23.56000   1.09894
23.58000   1.13794
23.60000   1.18411
23.62000   1.23795
23.64000   1.29786
23.66000   1.36006
23.68000   1.41945
23.70000   1.47036
23.72000   1.50687
23.74000   1.52369
23.76000   1.51800
23.78000   1.49119
23.80000   1.44851
23.82000   1.39678
23.84000   1.34188
23.86000   1.28754
23.88000   1.23584
23.90000   1.18841
23.92000   1.14711
23.94000   1.11384
23.96000   1.08984
23.98000   1.07491
24.00000   1.06702
24.02000   1.06244
24.04000   1.05684
24.06000   1.04693
24.08000   1.03197
24.10000   1.01384
24.12000   0.99578
24.14000   0.98081
24.16000   0.97036
24.18000   0.96360
24.20000   0.95764
24.22000   0.94907
24.24000   0.93589
24.26000   0.91870
24.28000   0.90013
24.30000   0.88329
24.32000   0.87040
24.34000   0.86230
24.36000   0.85876
24.38000   0.85893
24.40000   0.86173
24.42000   0.86613
24.44000   0.87131
24.46000   0.87698
24.48000   0.88327
24.50000   0.89028
24.52000   0.89730
24.54000   0.90262
24.56000   0.90388
24.58000   0.89908
24.60000   0.88764
24.62000   0.87082
24.64000   0.85105
24.66000   0.83074
24.68000   0.81154
24.70000   0.79443
24.72000   0.78015
24.74000   0.76951
24.76000   0.76333
24.78000   0.76207
24.80000   0.76540
24.82000   0.77217
24.84000   0.78091
24.86000   0.79033
24.88000   0.79946
24.90000   0.80715
24.92000   0.81160
24.94000   0.81079
24.96000   0.80356
24.98000   0.79028
25.00000   0.77251
25.02000   0.75235
25.04000   0.73207
25.06000   0.71383
25.08000   0.69945
25.10000   0.68996
25.12000   0.68552
25.14000   0.68557
25.16000   0.68920
25.18000   0.69547
25.20000   0.70369
25.22000   0.71339
25.24000   0.72403
25.26000   0.73463
25.28000   0.74327
25.30000   0.74735
25.32000   0.74462
25.34000   0.73451
25.36000   0.71864
25.38000   0.70003
25.40000   0.68187
25.42000   0.66654
25.44000   0.65532
25.46000   0.64842
25.48000   0.64518
25.50000   0.64434
25.52000   0.64466
25.54000   0.64553
25.56000   0.64724
25.58000   0.65062
25.60000   0.65631
25.62000   0.66397
25.64000   0.67204
25.66000   0.67825
25.68000   0.68059
25.70000   0.67845
25.72000   0.67293
25.74000   0.66626
25.76000   0.66086
25.78000   0.65829
25.80000   0.65867
25.82000   0.66061
25.84000   0.66207
25.86000   0.66147
25.88000   0.65869
25.90000   0.65501
25.92000   0.65241
25.94000   0.65264
25.96000   0.65657
25.98000   0.66392
26.00000   0.67348
26.02000   0.68368
26.04000   0.69332
26.06000   0.70212
26.08000   0.71070
26.10000   0.72004
26.12000   0.73045
26.14000   0.74090
26.16000   0.74924
26.18000   0.75337
26.20000   0.75267
26.22000   0.74840
26.24000   0.74298
26.26000   0.73874
26.28000   0.73726
26.30000   0.73928
26.32000   0.74511
26.34000   0.75500
26.36000   0.76938
26.38000   0.78875
26.40000   0.81348
26.42000   0.84341
26.44000   0.87765
26.46000   0.91471
26.48000   0.95284
26.50000   0.99069
26.52000   1.02807
26.54000   1.06671
26.56000   1.11015
26.58000   1.16299
26.60000   1.22985
26.62000   1.31492
26.64000   1.42156
26.66000   1.55160
26.68000   1.70358
26.70000   1.87003
26.72000   2.03503
26.74000   2.17497
26.76000   2.26468
26.78000   2.28731
26.80000   2.24121
26.82000   2.13884
26.84000   1.99978
26.86000   1.84374
26.88000   1.68656
26.90000   1.53899
26.92000   1.40705
26.94000   1.29313
26.96000   1.19727
26.98000   1.11812
27.00000   1.05350
27.02000   1.00084
27.04000   0.95763
27.06000   0.92174
27.08000   0.89165
27.10000   0.86639
27.12000   0.84528
27.14000   0.82734
27.16000   0.81091
27.18000   0.79374
27.20000   0.77378
27.22000   0.75028
27.24000   0.72423
27.26000   0.69778
27.28000   0.67315
27.30000   0.65199
27.32000   0.63505
27.34000   0.62235
27.36000   0.61329
27.38000   0.60703
27.40000   0.60285
27.42000   0.60045
27.44000   0.59992
27.46000   0.60123
27.48000   0.60368
27.50000   0.60571
27.52000   0.60532
27.54000   0.60104
27.56000   0.59269
27.58000   0.58149
27.60000   0.56935
27.62000   0.55804
27.64000   0.54860
27.66000   0.54119
27.68000   0.53524
27.70000   0.52985
27.72000   0.52437
27.74000   0.51877
27.76000   0.51360
27.78000   0.50969
27.80000   0.50774
27.82000   0.50800
27.84000   0.51013
27.86000   0.51330
27.88000   0.51658
27.90000   0.51942
27.92000   0.52198
27.94000   0.52490
27.96000   0.52851
27.98000   0.53230
28.00000   0.53496
28.02000   0.53502
28.04000   0.53184
28.06000   0.52602
28.08000   0.51919
28.10000   0.51323
28.12000   0.50961
28.14000   0.50899
28.16000   0.51129
28.18000   0.51610
28.20000   0.52296
28.22000   0.53157
28.24000   0.54162
28.26000   0.55255
28.28000   0.56319
28.30000   0.57167
28.32000   0.57583
28.34000   0.57444
28.36000   0.56796
28.38000   0.55830
28.40000   0.54786
28.42000   0.53853
28.44000   0.53139
28.46000   0.52695
28.48000   0.52550
28.50000   0.52740
28.52000   0.53298
28.54000   0.54227
28.56000   0.55454
28.58000   0.56814
28.60000   0.58067
28.62000   0.58964
28.64000   0.59326
28.66000   0.59113
28.68000   0.58437
28.70000   0.57491
28.72000   0.56466
28.74000   0.55504
28.76000   0.54711
28.78000   0.54177
28.80000   0.53979
28.82000   0.54157
28.84000   0.54701
28.86000   0.55550
28.88000   0.56606
28.90000   0.57726
28.92000   0.58721
28.94000   0.59370
28.96000   0.59497
28.98000   0.59053
29.00000   0.58128
29.02000   0.56904
29.04000   0.55593
29.06000   0.54390
29.08000   0.53441
29.10000   0.52824
29.12000   0.52555
29.14000   0.52612
29.16000   0.52962
29.18000   0.53573
29.20000   0.54404
29.22000   0.55371
29.24000   0.56322
29.26000   0.57053
29.28000   0.57385
29.30000   0.57264
29.32000   0.56792
29.34000   0.56176
29.36000   0.55634
29.38000   0.55336
29.40000   0.55390
29.42000   0.55852
29.44000   0.56750
29.46000   0.58113
29.48000   0.59985
29.50000   0.62427
29.52000   0.65492
29.54000   0.69198
29.56000   0.73518
29.58000   0.78425
29.60000   0.83963
29.62000   0.90322
29.64000   0.97837
29.66000   1.06909
29.68000   1.17882
29.70000   1.30879
29.72000   1.45608
29.74000   1.61134
29.76000   1.75742
29.78000   1.87124
29.80000   1.93075
29.82000   1.92431
29.84000   1.85590
29.86000   1.74217
29.88000   1.60450
29.90000   1.46181
29.92000   1.32713
29.94000   1.20750
29.96000   1.10537
29.98000   1.02018
30.00000   0.94971
30.02000   0.89095
30.04000   0.84085
30.06000   0.79679
30.08000   0.75685
30.10000   0.72006
30.12000   0.68627
30.14000   0.65582
30.16000   0.62919
30.18000   0.60667
30.20000   0.58829
30.22000   0.57376
30.24000   0.56266
30.26000   0.55456
30.28000   0.54909
30.30000   0.54571
30.32000   0.54342
30.34000   0.54085
30.36000   0.53680
30.38000   0.53093
30.40000   0.52383
30.42000   0.51669
30.44000   0.51060
30.46000   0.50618
30.48000   0.50360
30.50000   0.50283
30.52000   0.50391
30.54000   0.50690
30.56000   0.51157
30.58000   0.51710
30.60000   0.52203
30.62000   0.52450
30.64000   0.52317
30.66000   0.51796
30.68000   0.51012
30.70000   0.50143
30.72000   0.49342
30.74000   0.48701
30.76000   0.48272
30.78000   0.48102
30.80000   0.48235
30.82000   0.48701
30.84000   0.49475
30.86000   0.50457
30.88000   0.51472
30.90000   0.52314
30.92000   0.52811
30.94000   0.52887
30.96000   0.52580
30.98000   0.52002
31.00000   0.51285
31.02000   0.50542
31.04000   0.49879
31.06000   0.49395
31.08000   0.49165
31.10000   0.49216
31.12000   0.49514
31.14000   0.49980
31.16000   0.50511
31.18000   0.50982
31.20000   0.51253
31.22000   0.51197
31.24000   0.50756
31.26000   0.49967
31.28000   0.48945
31.30000   0.47842
31.32000   0.46809
31.34000   0.45960
31.36000   0.45349
31.38000   0.44976
31.40000   0.44813
31.42000   0.44822
31.44000   0.44971
31.46000   0.45205
31.48000   0.45431
31.50000   0.45508
31.52000   0.45291
31.54000   0.44705
31.56000   0.43787
31.58000   0.42671
31.60000   0.41514
31.62000   0.40448
31.64000   0.39548
31.66000   0.38839
31.68000   0.38309
31.70000   0.37939
31.72000   0.37712
31.74000   0.37609
31.76000   0.37588
31.78000   0.37570
31.80000   0.37451
31.82000   0.37148
31.84000   0.36642
31.86000   0.35987
31.88000   0.35277
31.90000   0.34595
31.92000   0.33984
31.94000   0.33448
31.96000   0.32973
31.98000   0.32550
32.00000   0.32193
32.02000   0.31923
32.04000   0.31754
32.06000   0.31677
32.08000   0.31656
32.10000   0.31638
32.12000   0.31571
32.14000   0.31435
32.16000   0.31244
32.18000   0.31034
32.20000   0.30846
32.22000   0.30711
32.24000   0.30647
32.26000   0.30666
32.28000   0.30770
32.30000   0.30961
32.32000   0.31236
32.34000   0.31590
32.36000   0.32019
32.38000   0.32521
32.40000   0.33092
32.42000   0.33736
32.44000   0.34455
32.46000   0.35257
32.48000   0.36154
32.50000   0.37162
32.52000   0.38296
32.54000   0.39568
32.56000   0.40991
32.58000   0.42595
32.60000   0.44431
32.62000   0.46571
32.64000   0.49103
32.66000   0.52121
32.68000   0.55715
32.70000   0.59975
32.72000   0.64995
32.74000   0.70850
32.76000   0.77530
32.78000   0.84838
32.80000   0.92278
32.82000   0.99033
32.84000   1.04095
32.86000   1.06598
32.88000   1.06195
32.90000   1.03219
32.92000   0.98494
32.94000   0.92990
32.96000   0.87538
32.98000   0.82687
33.00000   0.78693
33.02000   0.75564
33.04000   0.73137
33.06000   0.71178
33.08000   0.69483
33.10000   0.67941
33.12000   0.66540
33.14000   0.65317
33.16000   0.64308
33.18000   0.63530
33.20000   0.62984
33.22000   0.62656
33.24000   0.62515
33.26000   0.62503
33.28000   0.62538
33.30000   0.62538
33.32000   0.62450
33.34000   0.62263
33.36000   0.62014
33.38000   0.61764
33.40000   0.61564
33.42000   0.61437
33.44000   0.61390
33.46000   0.61442
33.48000   0.61628
33.50000   0.61985
33.52000   0.62531
33.54000   0.63268
33.56000   0.64176
33.58000   0.65211
33.60000   0.66300
33.62000   0.67344
33.64000   0.68249
33.66000   0.68941
33.68000   0.69382
33.70000   0.69572
33.72000   0.69556
33.74000   0.69410
33.76000   0.69229
33.78000   0.69108
33.80000   0.69120
33.82000   0.69300
33.84000   0.69640
33.86000   0.70089
33.88000   0.70562
33.90000   0.70960
33.92000   0.71224
33.94000   0.71384
33.96000   0.71545
33.98000   0.71844
34.00000   0.72389
34.02000   0.73218
34.04000   0.74302
34.06000   0.75584
34.08000   0.77012
34.10000   0.78532
34.12000   0.80054
34.14000   0.81436
34.16000   0.82528
34.18000   0.83230
34.20000   0.83534
34.22000   0.83520
34.24000   0.83315
34.26000   0.83057
34.28000   0.82852
34.30000   0.82771
34.32000   0.82856
34.34000   0.83112
34.36000   0.83507
34.38000   0.83993
34.40000   0.84541
34.42000   0.85154
34.44000   0.85847
34.46000   0.86644
34.48000   0.87565
34.50000   0.88641
34.52000   0.89905
34.54000   0.91395
34.56000   0.93123
34.58000   0.95031
34.60000   0.96958
34.62000   0.98689
34.64000   1.00041
34.66000   1.00932
34.68000   1.01399
34.70000   1.01587
34.72000   1.01707
34.74000   1.01974
34.76000   1.02541
34.78000   1.03450
34.80000   1.04606
34.82000   1.05799
34.84000   1.06791
34.86000   1.07428
34.88000   1.07694
34.90000   1.07703
34.92000   1.07660
34.94000   1.07825
34.96000   1.08453
34.98000   1.09732
35.00000   1.11713
35.02000   1.14266
35.04000   1.17081
35.06000   1.19745
35.08000   1.21901
35.10000   1.23375
35.12000   1.24232
35.14000   1.24717
35.16000   1.25180
35.18000   1.25980
35.20000   1.27366
35.22000   1.29360
35.24000   1.31691
35.26000   1.33849
35.28000   1.35287
35.30000   1.35679
35.32000   1.35071
35.34000   1.33837
35.36000   1.32497
35.38000   1.31532
35.40000   1.31265
35.42000   1.31838
35.44000   1.33227
35.46000   1.35260
35.48000   1.37631
35.50000   1.39964
35.52000   1.41932
35.54000   1.43393
35.56000   1.44453
35.58000   1.45407
35.60000   1.46599
35.62000   1.48286
35.64000   1.50548
35.66000   1.53261
35.68000   1.56085
35.70000   1.58489
35.72000   1.59905
35.74000   1.59986
35.76000   1.58800
35.78000   1.56793
35.80000   1.54560
35.82000   1.52632
35.84000   1.51344
35.86000   1.50811
35.88000   1.50961
35.90000   1.51621
35.92000   1.52574
35.94000   1.53608
35.96000   1.54563
35.98000   1.55381
36.00000   1.56117
36.02000   1.56892
36.04000   1.57855
36.06000   1.59134
36.08000   1.60799
36.10000   1.62810
36.12000   1.64965
36.14000   1.66863
36.16000   1.67926
36.18000   1.67611
36.20000   1.65717
36.22000   1.62533
36.24000   1.58676
36.26000   1.54768
36.28000   1.51235
36.30000   1.48286
36.32000   1.45999
36.34000   1.44405
36.36000   1.43522
36.38000   1.43310
36.40000   1.43612
36.42000   1.44193
36.44000   1.44852
36.46000   1.45520
36.48000   1.46264
36.50000   1.47236
36.52000   1.48572
36.54000   1.50306
36.56000   1.52285
36.58000   1.54136
36.60000   1.55304
36.62000   1.55225
36.64000   1.53588
36.66000   1.50526
36.68000   1.46546
36.70000   1.42287
36.72000   1.38285
36.74000   1.34879
36.76000   1.32203
36.78000   1.30226
36.80000   1.28836
36.82000   1.27933
36.84000   1.27463
36.86000   1.27370
36.88000   1.27556
36.90000   1.27903
36.92000   1.28336
36.94000   1.28879
36.96000   1.29611
36.98000   1.30585
37.00000   1.31729
37.02000   1.32804
37.04000   1.33418
37.06000   1.33159
37.08000   1.31791
37.10000   1.29406
37.12000   1.26375
37.14000   1.23144
37.16000   1.20049
37.18000   1.17262
37.20000   1.14856
37.22000   1.12880
37.24000   1.11393
37.26000   1.10436
37.28000   1.09969
37.30000   1.09842
37.32000   1.09834
37.34000   1.09768
37.36000   1.09586
37.38000   1.09339
37.40000   1.09135
37.42000   1.09081
37.44000   1.09221
37.46000   1.09497
37.48000   1.09736
37.50000   1.09681
37.52000   1.09083
37.54000   1.07829
37.56000   1.06000
37.58000   1.03827
37.60000   1.01594
37.62000   0.99568
37.64000   0.97969
37.66000   0.96926
37.68000   0.96448
37.70000   0.96418
37.72000   0.96614
37.74000   0.96753
37.76000   0.96584
37.78000   0.96001
37.80000   0.95073
37.82000   0.93989
37.84000   0.92983
37.86000   0.92264
37.88000   0.91935
37.90000   0.91929
37.92000   0.92021
37.94000   0.91923
37.96000   0.91419
37.98000   0.90463
38.00000   0.89189
38.02000   0.87838
38.04000   0.86661
38.06000   0.85852
38.08000   0.85517
38.10000   0.85650
38.12000   0.86116
38.14000   0.86671
38.16000   0.87028
38.18000   0.86963
38.20000   0.86409
38.22000   0.85474
38.24000   0.84359
38.26000   0.83251
38.28000   0.82258
38.30000   0.81415
38.32000   0.80706
38.34000   0.80075
38.36000   0.79452
38.38000   0.78781
38.40000   0.78054
38.42000   0.77336
38.44000   0.76741
38.46000   0.76378
38.48000   0.76298
38.50000   0.76480
38.52000   0.76853
38.54000   0.77329
38.56000   0.77817
38.58000   0.78220
38.60000   0.78444
38.62000   0.78423
38.64000   0.78129
38.66000   0.77562
38.68000   0.76735
38.70000   0.75684
38.72000   0.74488
38.74000   0.73258
38.76000   0.72112
38.78000   0.71142
38.80000   0.70412
38.82000   0.69961
38.84000   0.69809
38.86000   0.69948
38.88000   0.70343
38.90000   0.70955
38.92000   0.71773
38.94000   0.72822
38.96000   0.74136
38.98000   0.75698
39.00000   0.77363
39.02000   0.78845
39.04000   0.79794
39.06000   0.79932
39.08000   0.79160
39.10000   0.77591
39.12000   0.75485
39.14000   0.73149
39.16000   0.70857
39.18000   0.68805
39.20000   0.67093
39.22000   0.65731
39.24000   0.64656
39.26000   0.63777
39.28000   0.63033
39.30000   0.62405
39.32000   0.61916
39.34000   0.61606
39.36000   0.61501
39.38000   0.61606
39.40000   0.61901
39.42000   0.62329
39.44000   0.62788
39.46000   0.63131
39.48000   0.63203
39.50000   0.62897
39.52000   0.62197
39.54000   0.61197
39.56000   0.60055
39.58000   0.58934
39.60000   0.57941
39.62000   0.57126
39.64000   0.56493
39.66000   0.56025
39.68000   0.55696
39.70000   0.55491
39.72000   0.55406
39.74000   0.55441
39.76000   0.55594
39.78000   0.55847
39.80000   0.56156
39.82000   0.56461
39.84000   0.56708
39.86000   0.56859
39.88000   0.56880
39.90000   0.56728
39.92000   0.56370
39.94000   0.55814
39.96000   0.55129
39.98000   0.54419
40.00000   0.53782
40.02000   0.53272
40.04000   0.52901
40.06000   0.52658
40.08000   0.52528
40.10000   0.52505
40.12000   0.52604
40.14000   0.52837
40.16000   0.53203
40.18000   0.53658
40.20000   0.54117
40.22000   0.54467
40.24000   0.54612
40.26000   0.54523
40.28000   0.54244
40.30000   0.53856
40.32000   0.53434
40.34000   0.53021
40.36000   0.52634
40.38000   0.52283
40.40000   0.51977
40.42000   0.51713
40.44000   0.51487
40.46000   0.51317
40.48000   0.51251
40.50000   0.51361
40.52000   0.51710
40.54000   0.52310
40.56000   0.53095
40.58000   0.53926
40.60000   0.54625
40.62000   0.55048
40.64000   0.55139
40.66000   0.54954
40.68000   0.54626
40.70000   0.54293
40.72000   0.54046
40.74000   0.53903
40.76000   0.53803
40.78000   0.53650
40.80000   0.53377
40.82000   0.52991
40.84000   0.52572
40.86000   0.52243
40.88000   0.52113
40.90000   0.52248
40.92000   0.52656
40.94000   0.53289
40.96000   0.54045
40.98000   0.54787
41.00000   0.55374
41.02000   0.55710
41.04000   0.55778
41.06000   0.55651
41.08000   0.55449
41.10000   0.55285
41.12000   0.55207
41.14000   0.55196
41.16000   0.55179
41.18000   0.55077
41.20000   0.54846
41.22000   0.54502
41.24000   0.54110
41.26000   0.53755
41.28000   0.53504
41.30000   0.53396
41.32000   0.53436
41.34000   0.53619
41.36000   0.53931
41.38000   0.54346
41.40000   0.54817
41.42000   0.55271
41.44000   0.55632
41.46000   0.55857
41.48000   0.55954
41.50000   0.55959
41.52000   0.55907
41.54000   0.55806
41.56000   0.55652
41.58000   0.55446
41.60000   0.55203
41.62000   0.54940
41.64000   0.54670
41.66000   0.54392
41.68000   0.54109
41.70000   0.53851
41.72000   0.53675
41.74000   0.53650
41.76000   0.53828
41.78000   0.54219
41.80000   0.54785
41.82000   0.55459
41.84000   0.56181
41.86000   0.56930
41.88000   0.57723
41.90000   0.58585
41.92000   0.59516
41.94000   0.60480
41.96000   0.61442
41.98000   0.62421
42.00000   0.63509
42.02000   0.64854
42.04000   0.66617
42.06000   0.68932
42.08000   0.71873
42.10000   0.75409
42.12000   0.79346
42.14000   0.83268
42.16000   0.86551
42.18000   0.88534
42.20000   0.88800
42.22000   0.87390
42.24000   0.84762
42.26000   0.81536
42.28000   0.78224
42.30000   0.75096
42.32000   0.72192
42.34000   0.69433
42.36000   0.66742
42.38000   0.64115
42.40000   0.61615
42.42000   0.59330
42.44000   0.57328
42.46000   0.55632
42.48000   0.54216
42.50000   0.53026
42.52000   0.52018
42.54000   0.51171
42.56000   0.50502
42.58000   0.50041
42.60000   0.49810
42.62000   0.49796
42.64000   0.49953
42.66000   0.50193
42.68000   0.50401
42.70000   0.50444
42.72000   0.50213
42.74000   0.49667
42.76000   0.48868
42.78000   0.47953
42.80000   0.47062
42.82000   0.46279
42.84000   0.45619
42.86000   0.45059
42.88000   0.44578
42.90000   0.44174
42.92000   0.43878
42.94000   0.43731
42.96000   0.43772
42.98000   0.44011
43.00000   0.44421
43.02000   0.44936
43.04000   0.45476
43.06000   0.45959
43.08000   0.46309
43.10000   0.46461
43.12000   0.46381
43.14000   0.46083
43.16000   0.45627
43.18000   0.45095
43.20000   0.44555
43.22000   0.44055
43.24000   0.43629
43.26000   0.43314
43.28000   0.43151
43.30000   0.43178
43.32000   0.43413
43.34000   0.43839
43.36000   0.44411
43.38000   0.45066
43.40000   0.45742
43.42000   0.46389
43.44000   0.46963
43.46000   0.47420
43.48000   0.47722
43.50000   0.47839
43.52000   0.47758
43.54000   0.47496
43.56000   0.47098
43.58000   0.46630
43.60000   0.46168
43.62000   0.45792
43.64000   0.45575
43.66000   0.45571
43.68000   0.45805
43.70000   0.46260
43.72000   0.46894
43.74000   0.47648
43.76000   0.48458
43.78000   0.49255
43.80000   0.49966
43.82000   0.50507
43.84000   0.50799
43.86000   0.50793
43.88000   0.50496
43.90000   0.49969
43.92000   0.49311
43.94000   0.48636
43.96000   0.48041
43.98000   0.47576
44.00000   0.47246
44.02000   0.47019
44.04000   0.46865
44.06000   0.46784
44.08000   0.46812
44.10000   0.47013
44.12000   0.47444
44.14000   0.48113
44.16000   0.48941
44.18000   0.49762
44.20000   0.50358
44.22000   0.50551
44.24000   0.50277
44.26000   0.49609
44.28000   0.48705
44.30000   0.47729
44.32000   0.46806
44.34000   0.45997
44.36000   0.45315
44.38000   0.44752
44.40000   0.44298
44.42000   0.43952
44.44000   0.43725
44.46000   0.43630
44.48000   0.43686
44.50000   0.43905
44.52000   0.44279
44.54000   0.44751
44.56000   0.45210
44.58000   0.45517
44.60000   0.45563
44.62000   0.45317
44.64000   0.44838
44.66000   0.44223
44.68000   0.43561
44.70000   0.42897
44.72000   0.42250
44.74000   0.41627
44.76000   0.41041
44.78000   0.40520
44.80000   0.40103
44.82000   0.39829
44.84000   0.39727
44.86000   0.39803
44.88000   0.40037
44.90000   0.40388
44.92000   0.40808
44.94000   0.41250
44.96000   0.41664
44.98000   0.42023
45.00000   0.42334
45.02000   0.42641
45.04000   0.43004
45.06000   0.43473
45.08000   0.44091
45.10000   0.44890
45.12000   0.45904
45.14000   0.47158
45.16000   0.48680
45.18000   0.50519
45.20000   0.52755
45.22000   0.55497
45.24000   0.58849
45.26000   0.62863
45.28000   0.67465
45.30000   0.72359
45.32000   0.76962
45.34000   0.80468
45.36000   0.82109
45.38000   0.81523
45.40000   0.78941
45.42000   0.75044
45.44000   0.70617
45.46000   0.66270
45.48000   0.62332
45.50000   0.58887
45.52000   0.55876
45.54000   0.53193
45.56000   0.50742
45.58000   0.48458
45.60000   0.46314
45.62000   0.44322
45.64000   0.42529
45.66000   0.40989
45.68000   0.39732
45.70000   0.38751
45.72000   0.38000
45.74000   0.37419
45.76000   0.36960
45.78000   0.36603
45.80000   0.36351
45.82000   0.36207
45.84000   0.36151
45.86000   0.36129
45.88000   0.36067
45.90000   0.35903
45.92000   0.35620
45.94000   0.35244
45.96000   0.34822
45.98000   0.34397
46.00000   0.33991
46.02000   0.33611
46.04000   0.33262
46.06000   0.32957
46.08000   0.32711
46.10000   0.32546
46.12000   0.32487
46.14000   0.32561
46.16000   0.32782
46.18000   0.33135
46.20000   0.33561
46.22000   0.33968
46.24000   0.34260
46.26000   0.34381
46.28000   0.34334
46.30000   0.34170
46.32000   0.33952
46.34000   0.33731
46.36000   0.33544
46.38000   0.33406
46.40000   0.33316
46.42000   0.33257
46.44000   0.33215
46.46000   0.33186
46.48000   0.33189
46.50000   0.33255
46.52000   0.33416
46.54000   0.33678
46.56000   0.34009
46.58000   0.34339
46.60000   0.34589
46.62000   0.34712
46.64000   0.34712
46.66000   0.34630
46.68000   0.34509
46.70000   0.34369
46.72000   0.34208
46.74000   0.34015
46.76000   0.33790
46.78000   0.33563
46.80000   0.33378
46.82000   0.33270
46.84000   0.33243
46.86000   0.33267
46.88000   0.33296
46.90000   0.33296
46.92000   0.33253
46.94000   0.33163
46.96000   0.33020
46.98000   0.32817
47.00000   0.32564
47.02000   0.32289
47.04000   0.32025
47.06000   0.31795
47.08000   0.31604
47.10000   0.31439
47.12000   0.31275
47.14000   0.31086
47.16000   0.30854
47.18000   0.30578
47.20000   0.30287
47.22000   0.30019
47.24000   0.29809
47.26000   0.29669
47.28000   0.29576
47.30000   0.29475
47.32000   0.29303
47.34000   0.29013
47.36000   0.28601
47.38000   0.28099
47.40000   0.27570
47.42000   0.27078
47.44000   0.26680
47.46000   0.26409
47.48000   0.26271
47.50000   0.26243
47.52000   0.26279
47.54000   0.26325
47.56000   0.26337
47.58000   0.26291
47.60000   0.26201
47.62000   0.26098
47.64000   0.26016
47.66000   0.25956
47.68000   0.25883
47.70000   0.25736
47.72000   0.25468
47.74000   0.25073
47.76000   0.24588
47.78000   0.24079
47.80000   0.23608
47.82000   0.23225
47.84000   0.22962
47.86000   0.22837
47.88000   0.22849
47.90000   0.22989
47.92000   0.23238
47.94000   0.23570
47.96000   0.23956
47.98000   0.24361
48.00000   0.24752
48.02000   0.25092
48.04000   0.25341
48.06000   0.25458
48.08000   0.25418
48.10000   0.25229
48.12000   0.24943
48.14000   0.24632
48.16000   0.24369
48.18000   0.24204
48.20000   0.24168
48.22000   0.24275
48.24000   0.24535
48.26000   0.24958
48.28000   0.25564
48.30000   0.26377
48.32000   0.27419
48.34000   0.28696
48.36000   0.30193
48.38000   0.31880
48.40000   0.33731
48.42000   0.35752
48.44000   0.37980
48.46000   0.40458
48.48000   0.43186
48.50000   0.46061
48.52000   0.48837
48.54000   0.51109
48.56000   0.52407
48.58000   0.52392
48.60000   0.51056
48.62000   0.48728
48.64000   0.45905
48.66000   0.43039
48.68000   0.40415
48.70000   0.38140
48.72000   0.36194
48.74000   0.34503
48.76000   0.32996
48.78000   0.31638
48.80000   0.30431
48.82000   0.29386
48.84000   0.28495
48.86000   0.27716
48.88000   0.26991
48.90000   0.26266
48.92000   0.25523
48.94000   0.24785
48.96000   0.24098
48.98000   0.23508
49.00000   0.23042
49.02000   0.22704
49.04000   0.22473
49.06000   0.22316
49.08000   0.22191
49.10000   0.22065
49.12000   0.21924
49.14000   0.21776
49.16000   0.21653
49.18000   0.21584
49.20000   0.21589
49.22000   0.21663
49.24000   0.21779
49.26000   0.21893
49.28000   0.21961
49.30000   0.21957
49.32000   0.21880
49.34000   0.21760
49.36000   0.21635
49.38000   0.21539
49.40000   0.21490
49.42000   0.21484
49.44000   0.21501
49.46000   0.21516
49.48000   0.21518
49.50000   0.21520
49.52000   0.21551
49.54000   0.21641
49.56000   0.21810
49.58000   0.22054
49.60000   0.22348
49.62000   0.22647
49.64000   0.22913
49.66000   0.23115
49.68000   0.23236
49.70000   0.23277
49.72000   0.23256
49.74000   0.23210
49.76000   0.23174
49.78000   0.23165
49.80000   0.23170
49.82000   0.23172
49.84000   0.23166
49.86000   0.23170
49.88000   0.23222
49.90000   0.23355
49.92000   0.23585
49.94000   0.23895
49.96000   0.24241
49.98000   0.24557
50.00000   0.24777
50.02000   0.24860
50.04000   0.24808
50.06000   0.24654
50.08000   0.24444
50.10000   0.24219
50.12000   0.24009
50.14000   0.23839
50.16000   0.23726
50.18000   0.23680
50.20000   0.23692
50.22000   0.23750
50.24000   0.23846
50.26000   0.23980
50.28000   0.24161
50.30000   0.24392
50.32000   0.24647
50.34000   0.24874
50.36000   0.25005
50.38000   0.24984
50.40000   0.24799
50.42000   0.24484
50.44000   0.24098
50.46000   0.23706
50.48000   0.23361
50.50000   0.23088
50.52000   0.22894
50.54000   0.22778
50.56000   0.22737
50.58000   0.22772
50.60000   0.22884
50.62000   0.23064
50.64000   0.23287
50.66000   0.23513
50.68000   0.23694
50.70000   0.23792
50.72000   0.23790
50.74000   0.23689
50.76000   0.23496
50.78000   0.23219
50.80000   0.22875
50.82000   0.22494
50.84000   0.22112
50.86000   0.21768
50.88000   0.21496
50.90000   0.21320
50.92000   0.21250
50.94000   0.21279
50.96000   0.21383
50.98000   0.21525
51.00000   0.21656
51.02000   0.21735
51.04000   0.21745
51.06000   0.21699
51.08000   0.21635
51.10000   0.21582
51.12000   0.21541
51.14000   0.21481
51.16000   0.21364
51.18000   0.21175
51.20000   0.20932
51.22000   0.20683
51.24000   0.20476
51.26000   0.20339
51.28000   0.20280
51.30000   0.20280
51.32000   0.20314
51.34000   0.20351
51.36000   0.20365
51.38000   0.20346
51.40000   0.20302
51.42000   0.20260
51.44000   0.20250
51.46000   0.20292
51.48000   0.20395
51.50000   0.20553
51.52000   0.20756
51.54000   0.20986
51.56000   0.21231
51.58000   0.21491
51.60000   0.21780
51.62000   0.22127
51.64000   0.22559
51.66000   0.23094
51.68000   0.23743
51.70000   0.24510
51.72000   0.25389
51.74000   0.26361
51.76000   0.27370
51.78000   0.28313
51.80000   0.29040
51.82000   0.29408
51.84000   0.29351
51.86000   0.28924
51.88000   0.28267
51.90000   0.27536
51.92000   0.26844
51.94000   0.26243
51.96000   0.25747
51.98000   0.25346
52.00000   0.25031
52.02000   0.24787
52.04000   0.24598
52.06000   0.24442
52.08000   0.24305
52.10000   0.24178
52.12000   0.24062
52.14000   0.23965
52.16000   0.23899
52.18000   0.23876
52.20000   0.23906
52.22000   0.23990
52.24000   0.24129
52.26000   0.24332
52.28000   0.24610
52.30000   0.24971
52.32000   0.25417
52.34000   0.25938
52.36000   0.26509
52.38000   0.27098
52.40000   0.27661
52.42000   0.28154
52.44000   0.28544
52.46000   0.28825
52.48000   0.29017
52.50000   0.29158
52.52000   0.29291
52.54000   0.29455
52.56000   0.29687
52.58000   0.30007
52.60000   0.30417
52.62000   0.30900
52.64000   0.31434
52.66000   0.32006
52.68000   0.32620
52.70000   0.33289
52.72000   0.34014
52.74000   0.34765
52.76000   0.35470
52.78000   0.36045
52.80000   0.36432
52.82000   0.36632
52.84000   0.36707
52.86000   0.36741
52.88000   0.36813
52.90000   0.36971
52.92000   0.37231
52.94000   0.37578
52.96000   0.37989
52.98000   0.38442
53.00000   0.38933
53.02000   0.39460
53.04000   0.40019
53.06000   0.40578
53.08000   0.41090
53.10000   0.41508
53.12000   0.41816
53.14000   0.42032
53.16000   0.42184
53.18000   0.42292
53.20000   0.42369
53.22000   0.42420
53.24000   0.42452
53.26000   0.42482
53.28000   0.42540
53.30000   0.42665
53.32000   0.42881
53.34000   0.43190
53.36000   0.43555
53.38000   0.43915
53.40000   0.44200
53.42000   0.44364
53.44000   0.44405
53.46000   0.44374
53.48000   0.44343
53.50000   0.44371
53.52000   0.44473
53.54000   0.44621
53.56000   0.44774
53.58000   0.44910
53.60000   0.45038
53.62000   0.45177
53.64000   0.45338
53.66000   0.45515
53.68000   0.45684
53.70000   0.45817
53.72000   0.45886
53.74000   0.45871
53.76000   0.45778
53.78000   0.45638
53.80000   0.45504
53.82000   0.45421
53.84000   0.45411
53.86000   0.45481
53.88000   0.45631
53.90000   0.45864
53.92000   0.46173
53.94000   0.46535
53.96000   0.46914
53.98000   0.47275
54.00000   0.47582
54.02000   0.47806
54.04000   0.47931
54.06000   0.47957
54.08000   0.47900
54.10000   0.47783
54.12000   0.47632
54.14000   0.47484
54.16000   0.47377
54.18000   0.47343
54.20000   0.47405
54.22000   0.47576
54.24000   0.47866
54.26000   0.48272
54.28000   0.48775
54.30000   0.49326
54.32000   0.49858
54.34000   0.50311
54.36000   0.50649
54.38000   0.50872
54.40000   0.50997
54.42000   0.51043
54.44000   0.51032
54.46000   0.50988
54.48000   0.50940
54.50000   0.50917
54.52000   0.50958
54.54000   0.51103
54.56000   0.51384
54.58000   0.51800
54.60000   0.52319
54.62000   0.52888
54.64000   0.53444
54.66000   0.53934
54.68000   0.54322
54.70000   0.54601
54.72000   0.54785
54.74000   0.54898
54.76000   0.54957
54.78000   0.54971
54.80000   0.54955
54.82000   0.54941
54.84000   0.54979
54.86000   0.55129
54.88000   0.55426
54.90000   0.55876
54.92000   0.56451
54.94000   0.57091
54.96000   0.57716
54.98000   0.58255
55.00000   0.58666
55.02000   0.58951
55.04000   0.59136
55.06000   0.59250
55.08000   0.59313
55.10000   0.59336
55.12000   0.59328
55.14000   0.59303
55.16000   0.59281
55.18000   0.59295
55.20000   0.59387
55.22000   0.59593
55.24000   0.59924
55.26000   0.60351
55.28000   0.60795
55.30000   0.61163
55.32000   0.61395
55.34000   0.61492
55.36000   0.61505
55.38000   0.61494
55.40000   0.61501
55.42000   0.61533
55.44000   0.61577
55.46000   0.61610
55.48000   0.61623
55.50000   0.61630
55.52000   0.61668
55.54000   0.61769
55.56000   0.61926
55.58000   0.62091
55.60000   0.62192
55.62000   0.62176
55.64000   0.62040
55.66000   0.61832
55.68000   0.61617
55.70000   0.61438
55.72000   0.61299
55.74000   0.61183
55.76000   0.61074
55.78000   0.60970
55.80000   0.60890
55.82000   0.60859
55.84000   0.60892
55.86000   0.60970
55.88000   0.61031
55.90000   0.60996
55.92000   0.60796
55.94000   0.60415
55.96000   0.59898
55.98000   0.59334
56.00000   0.58804
56.02000   0.58348
56.04000   0.57959
56.06000   0.57611
56.08000   0.57284
56.10000   0.56976
56.12000   0.56698
56.14000   0.56460
56.16000   0.56260
56.18000   0.56070
56.20000   0.55851
56.22000   0.55560
56.24000   0.55165
56.26000   0.54649
56.28000   0.54028
56.30000   0.53343
56.32000   0.52650
56.34000   0.51994
56.36000   0.51404
56.38000   0.50899
56.40000   0.50492
56.42000   0.50181
56.44000   0.49946
56.46000   0.49749
56.48000   0.49550
56.50000   0.49318
56.52000   0.49037
56.54000   0.48701
56.56000   0.48304
56.58000   0.47839
56.60000   0.47305
56.62000   0.46712
56.64000   0.46083
56.66000   0.45453
56.68000   0.44860
56.70000   0.44346
56.72000   0.43939
56.74000   0.43644
56.76000   0.43445
56.78000   0.43312
56.80000   0.43219
56.82000   0.43146
56.84000   0.43083
56.86000   0.43017
56.88000   0.42931
56.90000   0.42807
56.92000   0.42624
56.94000   0.42378
56.96000   0.42080
56.98000   0.41757
57.00000   0.41443
57.02000   0.41165
57.04000   0.40943
57.06000   0.40781
57.08000   0.40668
57.10000   0.40592
57.12000   0.40544
57.14000   0.40530
57.16000   0.40556
57.18000   0.40630
57.20000   0.40746
57.22000   0.40884
57.24000   0.41009
57.26000   0.41090
57.28000   0.41112
57.30000   0.41074
57.32000   0.40995
57.34000   0.40898
57.36000   0.40809
57.38000   0.40737
57.40000   0.40686
57.42000   0.40655
57.44000   0.40655
57.46000   0.40707
57.48000   0.40831
57.50000   0.41038
57.52000   0.41317
57.54000   0.41639
57.56000   0.41966
57.58000   0.42257
57.60000   0.42480
57.62000   0.42614
57.64000   0.42656
57.66000   0.42619
57.68000   0.42529
57.70000   0.42415
57.72000   0.42308
57.74000   0.42240
57.76000   0.42232
57.78000   0.42295
57.80000   0.42431
57.82000   0.42635
57.84000   0.42899
57.86000   0.43211
57.88000   0.43544
57.90000   0.43848
57.92000   0.44059
57.94000   0.44127
57.96000   0.44045
57.98000   0.43853
58.00000   0.43620
58.02000   0.43414
58.04000   0.43278
58.06000   0.43221
58.08000   0.43230
58.10000   0.43288
58.12000   0.43396
58.14000   0.43567
58.16000   0.43815
58.18000   0.44126
58.20000   0.44442
58.22000   0.44676
58.24000   0.44756
58.26000   0.44665
58.28000   0.44452
58.30000   0.44199
58.32000   0.43986
58.34000   0.43864
58.36000   0.43845
58.38000   0.43915
58.40000   0.44052
58.42000   0.44238
58.44000   0.44455
58.46000   0.44677
58.48000   0.44872
58.50000   0.44993
58.52000   0.44992
58.54000   0.44832
58.56000   0.44512
58.58000   0.44076
58.60000   0.43599
58.62000   0.43146
58.64000   0.42762
58.66000   0.42463
58.68000   0.42244
58.70000   0.42086
58.72000   0.41970
58.74000   0.41888
58.76000   0.41834
58.78000   0.41807
58.80000   0.41800
58.82000   0.41793
58.84000   0.41744
58.86000   0.41611
58.88000   0.41371
58.90000   0.41044
58.92000   0.40675
58.94000   0.40318
58.96000   0.40011
58.98000   0.39765
59.00000   0.39570
59.02000   0.39398
59.04000   0.39221
59.06000   0.39028
59.08000   0.38829
59.10000   0.38649
59.12000   0.38504
59.14000   0.38385
59.16000   0.38255
59.18000   0.38076
59.20000   0.37828
59.22000   0.37520
59.24000   0.37183
59.26000   0.36856
59.28000   0.36569
59.30000   0.36332
59.32000   0.36142
59.34000   0.35984
59.36000   0.35841
59.38000   0.35703
59.40000   0.35566
59.42000   0.35427
59.44000   0.35284
59.46000   0.35127
59.48000   0.34950
59.50000   0.34756
59.52000   0.34565
59.54000   0.34403
59.56000   0.34290
59.58000   0.34234
59.60000   0.34224
59.62000   0.34241
59.64000   0.34265
59.66000   0.34288
59.68000   0.34311
59.70000   0.34338
59.72000   0.34367
59.74000   0.34388
59.76000   0.34390
59.78000   0.34371
59.80000   0.34342
59.82000   0.34322
59.84000   0.34333
59.86000   0.34392
59.88000   0.34512
59.90000   0.34699
59.92000   0.34952
59.94000   0.35270
59.96000   0.35639
59.98000   0.36039
60.00000   0.36440
60.02000   0.36822
60.04000   0.37178
60.06000   0.37519
60.08000   0.37862
60.10000   0.38228
60.12000   0.38621
60.14000   0.39030
60.16000   0.39435
60.18000   0.39825
60.20000   0.40208
60.22000   0.40598
60.24000   0.41007
60.26000   0.41436
60.28000   0.41880
60.30000   0.42331
60.32000   0.42768
60.34000   0.43170
60.36000   0.43526
60.38000   0.43844
60.40000   0.44146
60.42000   0.44453
60.44000   0.44785
60.46000   0.45159
60.48000   0.45589
60.50000   0.46087
60.52000   0.46670
60.54000   0.47362
60.56000   0.48180
60.58000   0.49128
60.60000   0.50173
60.62000   0.51252
60.64000   0.52270
60.66000   0.53134
60.68000   0.53793
60.70000   0.54260
60.72000   0.54586
60.74000   0.54807
60.76000   0.54935
60.78000   0.54986
60.80000   0.55002
60.82000   0.55048
60.84000   0.55190
60.86000   0.55472
60.88000   0.55915
60.90000   0.56497
60.92000   0.57149
60.94000   0.57779
60.96000   0.58321
60.98000   0.58772
61.00000   0.59176
61.02000   0.59588
61.04000   0.60050
61.06000   0.60593
61.08000   0.61241
61.10000   0.62006
61.12000   0.62895
61.14000   0.63904
61.16000   0.65006
61.18000   0.66140
61.20000   0.67206
61.22000   0.68084
61.24000   0.68655
61.26000   0.68835
61.28000   0.68615
61.30000   0.68089
61.32000   0.67414
61.34000   0.66757
61.36000   0.66242
61.38000   0.65948
61.40000   0.65920
61.42000   0.66185
61.44000   0.66732
61.46000   0.67498
61.48000   0.68375
61.50000   0.69241
61.52000   0.69984
61.54000   0.70542
61.56000   0.70922
61.58000   0.71213
61.60000   0.71553
61.62000   0.72072
61.64000   0.72834
61.66000   0.73839
61.68000   0.75042
61.70000   0.76377
61.72000   0.77758
61.74000   0.79070
61.76000   0.80173
61.78000   0.80939
61.80000   0.81305
61.82000   0.81288
61.84000   0.80962
61.86000   0.80406
61.88000   0.79699
61.90000   0.78923
61.92000   0.78180
61.94000   0.77564
61.96000   0.77135
61.98000   0.76889
62.00000   0.76762
62.02000   0.76671
62.04000   0.76566
62.06000   0.76458
62.08000   0.76412
62.10000   0.76517
62.12000   0.76845
62.14000   0.77412
62.16000   0.78151
62.18000   0.78937
62.20000   0.79629
62.22000   0.80116
62.24000   0.80324
62.26000   0.80199
62.28000   0.79704
62.30000   0.78859
62.32000   0.77768
62.34000   0.76608
62.36000   0.75570
62.38000   0.74807
62.40000   0.74387
62.42000   0.74281
62.44000   0.74378
62.46000   0.74540
62.48000   0.74652
62.50000   0.74641
62.52000   0.74469
62.54000   0.74129
62.56000   0.73669
62.58000   0.73187
62.60000   0.72800
62.62000   0.72601
62.64000   0.72644
62.66000   0.72932
62.68000   0.73415
62.70000   0.73995
62.72000   0.74564
62.74000   0.75044
62.76000   0.75387
62.78000   0.75537
62.80000   0.75426
62.82000   0.75016
62.84000   0.74346
62.86000   0.73519
62.88000   0.72652
62.90000   0.71835
62.92000   0.71119
62.94000   0.70518
62.96000   0.70024
62.98000   0.69621
63.00000   0.69320
63.02000   0.69139
63.04000   0.69077
63.06000   0.69100
63.08000   0.69171
63.10000   0.69271
63.12000   0.69396
63.14000   0.69538
63.16000   0.69679
63.18000   0.69798
63.20000   0.69877
63.22000   0.69892
63.24000   0.69827
63.26000   0.69691
63.28000   0.69515
63.30000   0.69321
63.32000   0.69094
63.34000   0.68806
63.36000   0.68454
63.38000   0.68069
63.40000   0.67692
63.42000   0.67352
63.44000   0.67054
63.46000   0.66776
63.48000   0.66468
63.50000   0.66088
63.52000   0.65636
63.54000   0.65147
63.56000   0.64656
63.58000   0.64172
63.60000   0.63692
63.62000   0.63227
63.64000   0.62814
63.66000   0.62507
63.68000   0.62358
63.70000   0.62390
63.72000   0.62572
63.74000   0.62794
63.76000   0.62900
63.78000   0.62766
63.80000   0.62353
63.82000   0.61706
63.84000   0.60896
63.86000   0.59989
63.88000   0.59041
63.90000   0.58115
63.92000   0.57287
63.94000   0.56629
63.96000   0.56199
63.98000   0.56006
64.00000   0.56005
64.02000   0.56084
64.04000   0.56096
64.06000   0.55899
64.08000   0.55405
64.10000   0.54610
64.12000   0.53587
64.14000   0.52448
64.16000   0.51309
64.18000   0.50266
64.20000   0.49390
64.22000   0.48723
64.24000   0.48279
64.26000   0.48040
64.28000   0.47951
64.30000   0.47928
64.32000   0.47882
64.34000   0.47726
64.36000   0.47398
64.38000   0.46875
64.40000   0.46172
64.42000   0.45329
64.44000   0.44400
64.46000   0.43443
64.48000   0.42519
64.50000   0.41680
64.52000   0.40958
64.54000   0.40362
64.56000   0.39880
64.58000   0.39484
64.60000   0.39146
64.62000   0.38831
64.64000   0.38506
64.66000   0.38149
64.68000   0.37751
64.70000   0.37318
64.72000   0.36855
64.74000   0.36356
64.76000   0.35806
64.78000   0.35198
64.80000   0.34551
64.82000   0.33903
64.84000   0.33294
64.86000   0.32758
64.88000   0.32314
64.90000   0.31962
64.92000   0.31688
64.94000   0.31469
64.96000   0.31277
64.98000   0.31101
65.00000   0.30948
65.02000   0.30836
65.04000   0.30776
65.06000   0.30759
65.08000   0.30758
65.10000   0.30746
65.12000   0.30719
65.14000   0.30707
65.16000   0.30760
65.18000   0.30926
65.20000   0.31240
65.22000   0.31713
65.24000   0.32331
65.26000   0.33052
65.28000   0.33802
65.30000   0.34466
65.32000   0.34913
65.34000   0.35036
65.36000   0.34812
65.38000   0.34306
65.40000   0.33625
65.42000   0.32867
65.44000   0.32096
65.46000   0.31354
65.48000   0.30674
65.50000   0.30086
65.52000   0.29600
65.54000   0.29208
65.56000   0.28887
65.58000   0.28616
65.60000   0.28393
65.62000   0.28227
65.64000   0.28131
65.66000   0.28111
65.68000   0.28163
65.70000   0.28281
65.72000   0.28456
65.74000   0.28681
65.76000   0.28946
65.78000   0.29235
65.80000   0.29522
65.82000   0.29780
65.84000   0.29987
65.86000   0.30135
65.88000   0.30231
65.90000   0.30297
65.92000   0.30358
65.94000   0.30438
65.96000   0.30566
65.98000   0.30773
66.00000   0.31082
66.02000   0.31502
66.04000   0.32018
66.06000   0.32602
66.08000   0.33208
66.10000   0.33785
66.12000   0.34281
66.14000   0.34666
66.16000   0.34937
66.18000   0.35118
66.20000   0.35246
66.22000   0.35370
66.24000   0.35539
66.26000   0.35790
66.28000   0.36140
66.30000   0.36587
66.32000   0.37121
66.34000   0.37724
66.36000   0.38363
66.38000   0.38977
66.40000   0.39497
66.42000   0.39869
66.44000   0.40096
66.46000   0.40228
66.48000   0.40332
66.50000   0.40455
66.52000   0.40609
66.54000   0.40788
66.56000   0.40986
66.58000   0.41222
66.60000   0.41528
66.62000   0.41922
66.64000   0.42374
66.66000   0.42797
66.68000   0.43085
66.70000   0.43175
66.72000   0.43089
66.74000   0.42919
66.76000   0.42764
66.78000   0.42679
66.80000   0.42655
66.82000   0.42659
66.84000   0.42668
66.86000   0.42697
66.88000   0.42785
66.90000   0.42951
66.92000   0.43167
66.94000   0.43350
66.96000   0.43402
66.98000   0.43259
67.00000   0.42937
67.02000   0.42513
67.04000   0.42075
67.06000   0.41678
67.08000   0.41348
67.10000   0.41096
67.12000   0.40929
67.14000   0.40838
67.16000   0.40792
67.18000   0.40742
67.20000   0.40636
67.22000   0.40435
67.24000   0.40109
67.26000   0.39645
67.28000   0.39056
67.30000   0.38384
67.32000   0.37689
67.34000   0.37031
67.36000   0.36460
67.38000   0.36017
67.40000   0.35729
67.42000   0.35599
67.44000   0.35593
67.46000   0.35642
67.48000   0.35653
67.50000   0.35546
67.52000   0.35272
67.54000   0.34814
67.56000   0.34182
67.58000   0.33411
67.60000   0.32560
67.62000   0.31701
67.64000   0.30900
67.66000   0.30204
67.68000   0.29643
67.70000   0.29226
67.72000   0.28945
67.74000   0.28780
67.76000   0.28704
67.78000   0.28673
67.80000   0.28629
67.82000   0.28506
67.84000   0.28254
67.86000   0.27862
67.88000   0.27364
67.90000   0.26818
67.92000   0.26277
67.94000   0.25774
67.96000   0.25313
67.98000   0.24888
68.00000   0.24496
68.02000   0.24143
68.04000   0.23846
68.06000   0.23614
68.08000   0.23448
68.10000   0.23329
68.12000   0.23225
68.14000   0.23096
68.16000   0.22910
68.18000   0.22658
68.20000   0.22362
68.22000   0.22057
68.24000   0.21771
68.26000   0.21522
68.28000   0.21322
68.30000   0.21182
68.32000   0.21115
68.34000   0.21130
68.36000   0.21234
68.38000   0.21421
68.40000   0.21678
68.42000   0.21976
68.44000   0.22280
68.46000   0.22556
68.48000   0.22778
68.50000   0.22941
68.52000   0.23056
68.54000   0.23146
68.56000   0.23232
68.58000   0.23332
68.60000   0.23461
68.62000   0.23638
68.64000   0.23889
68.66000   0.24239
68.68000   0.24711
68.70000   0.25319
68.72000   0.26075
68.74000   0.26992
68.76000   0.28076
68.78000   0.29321
68.80000   0.30679
68.82000   0.32048
68.84000   0.33271
68.86000   0.34183
68.88000   0.34683
68.90000   0.34779
68.92000   0.34577
68.94000   0.34220
68.96000   0.33834
68.98000   0.33505
69.00000   0.33281
69.02000   0.33182
69.04000   0.33203
69.06000   0.33326
69.08000   0.33519
69.10000   0.33746
69.12000   0.33965
69.14000   0.34139
69.16000   0.34244
69.18000   0.34286
69.20000   0.34298
69.22000   0.34329
69.24000   0.34435
69.26000   0.34664
69.28000   0.35050
69.30000   0.35601
69.32000   0.36301
69.34000   0.37111
69.36000   0.37977
69.38000   0.38829
69.40000   0.39588
69.42000   0.40171
69.44000   0.40530
69.46000   0.40674
69.48000   0.40668
69.50000   0.40596
69.52000   0.40529
69.54000   0.40515
69.56000   0.40587
69.58000   0.40768
69.60000   0.41080
69.62000   0.41534
69.64000   0.42110
69.66000   0.42731
69.68000   0.43263
69.70000   0.43572
69.72000   0.43594
69.74000   0.43369
69.76000   0.43012
69.78000   0.42644
69.80000   0.42349
69.82000   0.42175
69.84000   0.42153
69.86000   0.42316
69.88000   0.42690
69.90000   0.43268
69.92000   0.43987
69.94000   0.44716
69.96000   0.45287
69.98000   0.45538
70.00000   0.45384
70.02000   0.44849
70.04000   0.44047
70.06000   0.43125
70.08000   0.42207
70.10000   0.41389
70.12000   0.40737
70.14000   0.40295
70.16000   0.40077
70.18000   0.40057
70.20000   0.40173
70.22000   0.40340
70.24000   0.40473
70.26000   0.40500
70.28000   0.40383
70.30000   0.40115
70.32000   0.39719
70.34000   0.39227
70.36000   0.38683
70.38000   0.38139
70.40000   0.37648
70.42000   0.37240
70.44000   0.36911
70.46000   0.36623
70.48000   0.36336
70.50000   0.36022
70.52000   0.35676
70.54000   0.35296
70.56000   0.34880
70.58000   0.34432
70.60000   0.33959
70.62000   0.33471
70.64000   0.32969
70.66000   0.32452
70.68000   0.31925
70.70000   0.31398
70.72000   0.30888
70.74000   0.30411
70.76000   0.29986
70.78000   0.29627
70.80000   0.29338
70.82000   0.29104
70.84000   0.28904
70.86000   0.28719
70.88000   0.28544
70.90000   0.28386
70.92000   0.28245
70.94000   0.28101
70.96000   0.27914
70.98000   0.27653
71.00000   0.27311
71.02000   0.26910
71.04000   0.26492
71.06000   0.26097
71.08000   0.25750
71.10000   0.25466
71.12000   0.25248
71.14000   0.25092
71.16000   0.24988
71.18000   0.24918
71.20000   0.24858
71.22000   0.24788
71.24000   0.24699
71.26000   0.24592
71.28000   0.24472
71.30000   0.24347
71.32000   0.24230
71.34000   0.24139
71.36000   0.24092
71.38000   0.24100
71.40000   0.24159
71.42000   0.24253
71.44000   0.24357
71.46000   0.24450
71.48000   0.24521
71.50000   0.24578
71.52000   0.24638
71.54000   0.24728
71.56000   0.24873
71.58000   0.25092
71.60000   0.25389
71.62000   0.25745
71.64000   0.26122
71.66000   0.26477
71.68000   0.26771
71.70000   0.26986
71.72000   0.27135
71.74000   0.27247
71.76000   0.27361
71.78000   0.27511
71.80000   0.27724
71.82000   0.28012
71.84000   0.28378
71.86000   0.28817
71.88000   0.29317
71.90000   0.29863
71.92000   0.30435
71.94000   0.31015
71.96000   0.31589
71.98000   0.32149
72.00000   0.32699
72.02000   0.33245
72.04000   0.33793
72.06000   0.34349
72.08000   0.34919
72.10000   0.35502
72.12000   0.36095
72.14000   0.36688
72.16000   0.37276
72.18000   0.37869
72.20000   0.38486
72.22000   0.39147
72.24000   0.39855
72.26000   0.40598
72.28000   0.41362
72.30000   0.42146
72.32000   0.42964
72.34000   0.43843
72.36000   0.44818
72.38000   0.45916
72.40000   0.47144
72.42000   0.48465
72.44000   0.49785
72.46000   0.50981
72.48000   0.51945
72.50000   0.52631
72.52000   0.53055
72.54000   0.53259
72.56000   0.53289
72.58000   0.53185
72.60000   0.52983
72.62000   0.52710
72.64000   0.52391
72.66000   0.52058
72.68000   0.51757
72.70000   0.51537
72.72000   0.51442
72.74000   0.51510
72.76000   0.51752
72.78000   0.52131
72.80000   0.52567
72.82000   0.52977
72.84000   0.53327
72.86000   0.53641
72.88000   0.53975
72.90000   0.54370
72.92000   0.54834
72.94000   0.55348
72.96000   0.55876
72.98000   0.56377
73.00000   0.56821
73.02000   0.57189
73.04000   0.57477
73.06000   0.57671
73.08000   0.57737
73.10000   0.57636
73.12000   0.57345
73.14000   0.56874
73.16000   0.56262
73.18000   0.55564
73.20000   0.54857
73.22000   0.54225
73.24000   0.53739
73.26000   0.53432
73.28000   0.53303
73.30000   0.53325
73.32000   0.53464
73.34000   0.53674
73.36000   0.53904
73.38000   0.54111
73.40000   0.54287
73.42000   0.54450
73.44000   0.54627
73.46000   0.54834
73.48000   0.55077
73.50000   0.55348
73.52000   0.55614
73.54000   0.55807
73.56000   0.55860
73.58000   0.55739
73.60000   0.55456
73.62000   0.55044
73.64000   0.54524
73.66000   0.53898
73.68000   0.53156
73.70000   0.52291
73.72000   0.51317
73.74000   0.50286
73.76000   0.49293
73.78000   0.48438
73.80000   0.47792
73.82000   0.47382
73.84000   0.47196
73.86000   0.47200
73.88000   0.47353
73.90000   0.47602
73.92000   0.47888
73.94000   0.48165
73.96000   0.48418
73.98000   0.48662
74.00000   0.48924
74.02000   0.49216
74.04000   0.49520
74.06000   0.49780
74.08000   0.49906
74.10000   0.49809
74.12000   0.49461
74.14000   0.48923
74.16000   0.48310
74.18000   0.47728
74.20000   0.47220
74.22000   0.46768
74.24000   0.46318
74.26000   0.45810
74.28000   0.45220
74.30000   0.44573
74.32000   0.43929
74.34000   0.43353
74.36000   0.42887
74.38000   0.42548
74.40000   0.42329
74.42000   0.42222
74.44000   0.42225
74.46000   0.42343
74.48000   0.42585
74.50000   0.42962
74.52000   0.43475
74.54000   0.44102
74.56000   0.44783
74.58000   0.45434
74.60000   0.45959
74.62000   0.46273
74.64000   0.46319
74.66000   0.46095
74.68000   0.45673
74.70000   0.45183
74.72000   0.44760
74.74000   0.44480
74.76000   0.44338
74.78000   0.44262
74.80000   0.44152
74.82000   0.43934
74.84000   0.43598
74.86000   0.43186
74.88000   0.42762
74.90000   0.42380
74.92000   0.42075
74.94000   0.41862
74.96000   0.41745
74.98000   0.41735
75.00000   0.41851
75.02000   0.42110
75.04000   0.42518
75.06000   0.43070
75.08000   0.43742
75.10000   0.44492
75.12000   0.45260
75.14000   0.45978
75.16000   0.46576
75.18000   0.46991
75.20000   0.47188
75.22000   0.47185
75.24000   0.47057
75.26000   0.46905
75.28000   0.46811
75.30000   0.46806
75.32000   0.46858
75.34000   0.46895
75.36000   0.46852
75.38000   0.46708
75.40000   0.46499
75.42000   0.46281
75.44000   0.46106
75.46000   0.46014
75.48000   0.46028
75.50000   0.46158
75.52000   0.46405
75.54000   0.46768
75.56000   0.47237
75.58000   0.47792
75.60000   0.48412
75.62000   0.49079
75.64000   0.49774
75.66000   0.50467
75.68000   0.51125
75.70000   0.51707
75.72000   0.52167
75.74000   0.52457
75.76000   0.52549
75.78000   0.52466
75.80000   0.52285
75.82000   0.52101
75.84000   0.51989
75.86000   0.51978
75.88000   0.52053
75.90000   0.52177
75.92000   0.52324
75.94000   0.52496
75.96000   0.52709
75.98000   0.52974
76.00000   0.53280
76.02000   0.53596
76.04000   0.53892
76.06000   0.54171
76.08000   0.54461
76.10000   0.54790
76.12000   0.55148
76.14000   0.55486
76.16000   0.55734
76.18000   0.55841
76.20000   0.55803
76.22000   0.55659
76.24000   0.55475
76.26000   0.55300
76.28000   0.55146
76.30000   0.54982
76.32000   0.54763
76.34000   0.54461
76.36000   0.54075
76.38000   0.53616
76.40000   0.53096
76.42000   0.52530
76.44000   0.51944
76.46000   0.51373
76.48000   0.50852
76.50000   0.50398
76.52000   0.50013
76.54000   0.49691
76.56000   0.49426
76.58000   0.49221
76.60000   0.49078
76.62000   0.49001
76.64000   0.48981
76.66000   0.48996
76.68000   0.49030
76.70000   0.49079
76.72000   0.49133
76.74000   0.49162
76.76000   0.49113
76.78000   0.48943
76.80000   0.48650
76.82000   0.48277
76.84000   0.47876
76.86000   0.47479
76.88000   0.47086
76.90000   0.46676
76.92000   0.46221
76.94000   0.45707
76.96000   0.45135
76.98000   0.44533
77.00000   0.43948
77.02000   0.43440
77.04000   0.43058
77.06000   0.42837
77.08000   0.42796
77.10000   0.42935
77.12000   0.43227
77.14000   0.43611
77.16000   0.44001
77.18000   0.44312
77.20000   0.44486
77.22000   0.44506
77.24000   0.44391
77.26000   0.44167
77.28000   0.43844
77.30000   0.43407
77.32000   0.42843
77.34000   0.42163
77.36000   0.41423
77.38000   0.40698
77.40000   0.40063
77.42000   0.39563
77.44000   0.39212
77.46000   0.39004
77.48000   0.38931
77.50000   0.38976
77.52000   0.39112
77.54000   0.39296
77.56000   0.39469
77.58000   0.39577
77.60000   0.39589
77.62000   0.39510
77.64000   0.39373
77.66000   0.39220
77.68000   0.39075
77.70000   0.38941
77.72000   0.38791
77.74000   0.38593
77.76000   0.38334
77.78000   0.38028
77.80000   0.37712
77.82000   0.37420
77.84000   0.37172
77.86000   0.36974
77.88000   0.36831
77.90000   0.36751
77.92000   0.36735
77.94000   0.36764
77.96000   0.36795
77.98000   0.36780
78.00000   0.36682
78.02000   0.36496
78.04000   0.36240
78.06000   0.35940
78.08000   0.35617
78.10000   0.35277
78.12000   0.34912
78.14000   0.34519
78.16000   0.34117
78.18000   0.33743
78.20000   0.33450
78.22000   0.33289
78.24000   0.33294
78.26000   0.33468
78.28000   0.33774
78.30000   0.34156
78.32000   0.34546
78.34000   0.34883
78.36000   0.35116
78.38000   0.35206
78.40000   0.35136
78.42000   0.34919
78.44000   0.34591
78.46000   0.34198
78.48000   0.33778
78.50000   0.33353
78.52000   0.32931
78.54000   0.32516
78.56000   0.32116
78.58000   0.31744
78.60000   0.31420
78.62000   0.31169
78.64000   0.31013
78.66000   0.30957
78.68000   0.30995
78.70000   0.31114
78.72000   0.31300
78.74000   0.31541
78.76000   0.31818
78.78000   0.32111
78.80000   0.32388
78.82000   0.32616
78.84000   0.32759
78.86000   0.32787
78.88000   0.32683
78.90000   0.32447
78.92000   0.32100
78.94000   0.31683
78.96000   0.31242
78.98000   0.30829
79.00000   0.30488
79.02000   0.30253
79.04000   0.30142
79.06000   0.30151
79.08000   0.30263
79.10000   0.30444
79.12000   0.30659
79.14000   0.30877
79.16000   0.31075
79.18000   0.31233
79.20000   0.31334
79.22000   0.31366
79.24000   0.31325
79.26000   0.31222
79.28000   0.31078
79.30000   0.30921
79.32000   0.30775
79.34000   0.30646
79.36000   0.30526
79.38000   0.30402
79.40000   0.30273
79.42000   0.30153
79.44000   0.30061
79.46000   0.30009
79.48000   0.29998
79.50000   0.30014
79.52000   0.30040
79.54000   0.30061
79.56000   0.30069
79.58000   0.30056
79.60000   0.30010
79.62000   0.29914
79.64000   0.29755
79.66000   0.29528
79.68000   0.29243
79.70000   0.28926
79.72000   0.28616
79.74000   0.28348
79.76000   0.28152
79.78000   0.28034
79.80000   0.27979
79.82000   0.27961
79.84000   0.27960
79.86000   0.27968
79.88000   0.27987
79.90000   0.28011
79.92000   0.28020
79.94000   0.27981
79.96000   0.27854
79.98000   0.27613
80.00000   0.27265
