2	86.753
2.02	89.339
2.04	91.772
2.06	93.999
2.08	95.96
2.1	97.594
2.12	98.845
2.14	99.661
2.16	100
2.18	99.832
2.2	99.142
2.22	97.935
2.24	96.231
2.26	94.067
2.28	91.493
2.3	88.571
2.32	85.368
2.34	81.953
2.36	78.394
2.38	74.757
2.4	71.097
2.42	67.465
2.44	63.903
2.46	60.441
2.48	57.107
2.5	53.916
2.52	50.882
2.54	48.011
2.56	45.304
2.58	42.762
2.6	40.381
2.62	38.156
2.64	36.08
2.66	34.147
2.68	32.347
2.7	30.674
2.72	29.118
2.74	27.674
2.76	26.332
2.78	25.085
2.8	23.927
2.82	22.851
2.84	21.852
2.86	20.923
2.88	20.06
2.9	19.258
2.92	18.513
2.94	17.821
2.96	17.179
2.98	16.582
3	16.029
3.02	15.517
3.04	15.043
3.06	14.606
3.08	14.203
3.1	13.832
3.12	13.492
3.14	13.181
3.16	12.897
3.18	12.638
3.2	12.402
3.22	12.187
3.24	11.99
3.26	11.81
3.28	11.644
3.3	11.49
3.32	11.348
3.34	11.216
3.36	11.096
3.38	10.989
3.4	10.894
3.42	10.814
3.44	10.75
3.46	10.702
3.48	10.671
3.5	10.656
3.52	10.658
3.54	10.676
3.56	10.71
3.58	10.759
3.6	10.824
3.62	10.904
3.64	10.999
3.66	11.111
3.68	11.239
3.7	11.384
3.72	11.549
3.74	11.732
3.76	11.936
3.78	12.161
3.8	12.408
3.82	12.678
3.84	12.971
3.86	13.289
3.88	13.632
3.9	14.002
3.92	14.398
3.94	14.821
3.96	15.272
3.98	15.751
4	16.259
4.02	16.795
4.04	17.357
4.06	17.946
4.08	18.56
4.1	19.195
4.12	19.848
4.14	20.515
4.16	21.189
4.18	21.865
4.2	22.534
4.22	23.185
4.24	23.808
4.26	24.391
4.28	24.921
4.3	25.384
4.32	25.768
4.34	26.061
4.36	26.251
4.38	26.33
4.4	26.293
4.42	26.138
4.44	25.867
4.46	25.483
4.48	24.997
4.5	24.417
4.52	23.757
4.54	23.03
4.56	22.251
4.58	21.434
4.6	20.593
4.62	19.739
4.64	18.884
4.66	18.037
4.68	17.206
4.7	16.398
4.72	15.616
4.74	14.865
4.76	14.147
4.78	13.463
4.8	12.814
4.82	12.2
4.84	11.622
4.86	11.077
4.88	10.565
4.9	10.085
4.92	9.6347
4.94	9.2137
4.96	8.8202
4.98	8.4527
5	8.1097
5.02	7.7899
5.04	7.4919
5.06	7.2144
5.08	6.9561
5.1	6.7155
5.12	6.4916
5.14	6.2827
5.16	6.0875
5.18	5.9045
5.2	5.732
5.22	5.5686
5.24	5.4129
5.26	5.2638
5.28	5.1205
5.3	4.9825
5.32	4.8499
5.34	4.7228
5.36	4.6013
5.38	4.4858
5.4	4.3765
5.42	4.2735
5.44	4.1771
5.46	4.0872
5.48	4.0038
5.5	3.9269
5.52	3.8565
5.54	3.7922
5.56	3.7342
5.58	3.682
5.6	3.6357
5.62	3.5949
5.64	3.5596
5.66	3.5296
5.68	3.5047
5.7	3.4849
5.72	3.47
5.74	3.4599
5.76	3.4547
5.78	3.4543
5.8	3.4588
5.82	3.4682
5.84	3.4826
5.86	3.502
5.88	3.5267
5.9	3.5567
5.92	3.592
5.94	3.6329
5.96	3.6793
5.98	3.7311
6	3.7882
6.02	3.8503
6.04	3.9172
6.06	3.9886
6.08	4.0641
6.1	4.1435
6.12	4.2267
6.14	4.3138
6.16	4.4051
6.18	4.5011
6.2	4.6021
6.22	4.7088
6.24	4.8215
6.26	4.9403
6.28	5.0653
6.3	5.1962
6.32	5.3326
6.34	5.4735
6.36	5.6179
6.38	5.7646
6.4	5.9117
6.42	6.0573
6.44	6.1991
6.46	6.3347
6.48	6.4612
6.5	6.5756
6.52	6.6749
6.54	6.7561
6.56	6.8164
6.58	6.8532
6.6	6.8648
6.62	6.8499
6.64	6.8082
6.66	6.7405
6.68	6.648
6.7	6.533
6.72	6.3982
6.74	6.2466
6.76	6.0815
6.78	5.9061
6.8	5.7235
6.82	5.5366
6.84	5.348
6.86	5.16
6.88	4.9748
6.9	4.7938
6.92	4.6185
6.94	4.4499
6.96	4.2886
6.98	4.1351
7	3.9896
7.02	3.8521
7.04	3.7223
7.06	3.5997
7.08	3.4838
7.1	3.3739
7.12	3.2692
7.14	3.1688
7.16	3.0717
7.18	2.9772
7.2	2.8845
7.22	2.793
7.24	2.7028
7.26	2.6138
7.28	2.5265
7.3	2.4413
7.32	2.3591
7.34	2.2802
7.36	2.2053
7.38	2.1347
7.4	2.0686
7.42	2.0072
7.44	1.9502
7.46	1.8977
7.48	1.8494
7.5	1.8049
7.52	1.7638
7.54	1.7258
7.56	1.6903
7.58	1.6567
7.6	1.6247
7.62	1.5936
7.64	1.5632
7.66	1.5332
7.68	1.5033
7.7	1.4735
7.72	1.4438
7.74	1.4145
7.76	1.3857
7.78	1.3577
7.8	1.3307
7.82	1.3049
7.84	1.2807
7.86	1.2581
7.88	1.2373
7.9	1.2184
7.92	1.2014
7.94	1.1864
7.96	1.1733
7.98	1.1622
8	1.153
8.02	1.1458
8.04	1.1403
8.06	1.1367
8.08	1.1349
8.1	1.1347
8.12	1.136
8.14	1.1388
8.16	1.143
8.18	1.1483
8.2	1.1546
8.22	1.1619
8.24	1.1701
8.26	1.1791
8.28	1.1889
8.3	1.1997
8.32	1.2116
8.34	1.2247
8.36	1.2391
8.38	1.255
8.4	1.2725
8.42	1.2916
8.44	1.3125
8.46	1.3351
8.48	1.3593
8.5	1.3852
8.52	1.4125
8.54	1.441
8.56	1.4706
8.58	1.5009
8.6	1.5315
8.62	1.5621
8.64	1.5921
8.66	1.621
8.68	1.6482
8.7	1.673
8.72	1.6948
8.74	1.7131
8.76	1.7273
8.78	1.7369
8.8	1.7416
8.82	1.7412
8.84	1.7357
8.86	1.7253
8.88	1.71
8.9	1.6905
8.92	1.6671
8.94	1.6403
8.96	1.6108
8.98	1.5791
9	1.5455
9.02	1.5106
9.04	1.4747
9.06	1.4381
9.08	1.4009
9.1	1.3635
9.12	1.3261
9.14	1.2888
9.16	1.2519
9.18	1.2155
9.2	1.1798
9.22	1.1451
9.24	1.1113
9.26	1.0787
9.28	1.0474
9.3	1.0175
9.32	0.98894
9.34	0.96194
9.36	0.93653
9.38	0.91275
9.4	0.89063
9.42	0.8702
9.44	0.85142
9.46	0.83425
9.48	0.8186
9.5	0.80437
9.52	0.79143
9.54	0.77961
9.56	0.76876
9.58	0.75872
9.6	0.74934
9.62	0.74051
9.64	0.73217
9.66	0.72428
9.68	0.71689
9.7	0.71003
9.72	0.70379
9.74	0.69825
9.76	0.69351
9.78	0.68961
9.8	0.68659
9.82	0.68446
9.84	0.68318
9.86	0.6827
9.88	0.68291
9.9	0.68369
9.92	0.68489
9.94	0.68636
9.96	0.68794
9.98	0.68944
10	0.6907
10.02	0.69154
10.04	0.69183
10.06	0.69141
10.08	0.6902
10.1	0.68815
10.12	0.68525
10.14	0.68158
10.16	0.67726
10.18	0.67245
10.2	0.66734
10.22	0.66208
10.24	0.65682
10.26	0.65165
10.28	0.6466
10.3	0.64169
10.32	0.63688
10.34	0.63217
10.36	0.62753
10.38	0.62296
10.4	0.61851
10.42	0.61421
10.44	0.61011
10.46	0.60626
10.48	0.6027
10.5	0.59948
10.52	0.59665
10.54	0.59428
10.56	0.59243
10.58	0.59119
10.6	0.59063
10.62	0.59082
10.64	0.59176
10.66	0.59339
10.68	0.59561
10.7	0.59819
10.72	0.60087
10.74	0.60332
10.76	0.60516
10.78	0.60605
10.8	0.60568
10.82	0.60385
10.84	0.60048
10.86	0.59564
10.88	0.58949
10.9	0.58234
10.92	0.57451
10.94	0.56637
10.96	0.55823
10.98	0.55038
11	0.54301
11.02	0.53627
11.04	0.53019
11.06	0.52478
11.08	0.51995
11.1	0.51562
11.12	0.51166
11.14	0.50794
11.16	0.50436
11.18	0.50084
11.2	0.49733
11.22	0.49381
11.24	0.49031
11.26	0.48686
11.28	0.48352
11.3	0.48033
11.32	0.47734
11.34	0.47461
11.36	0.47215
11.38	0.46999
11.4	0.46814
11.42	0.46661
11.44	0.46539
11.46	0.4645
11.48	0.46391
11.5	0.46361
11.52	0.4636
11.54	0.46383
11.56	0.46431
11.58	0.46501
11.6	0.46592
11.62	0.46705
11.64	0.4684
11.66	0.47001
11.68	0.47191
11.7	0.47416
11.72	0.47678
11.74	0.4798
11.76	0.48321
11.78	0.48697
11.8	0.49103
11.82	0.49529
11.84	0.49964
11.86	0.50397
11.88	0.5082
11.9	0.51227
11.92	0.51618
11.94	0.51999
11.96	0.52381
11.98	0.52776
12	0.53202
12.02	0.5367
12.04	0.54193
12.06	0.54775
12.08	0.55415
12.1	0.56104
12.12	0.56827
12.14	0.57561
12.16	0.58278
12.18	0.58947
12.2	0.59537
12.22	0.60021
12.24	0.60376
12.26	0.60591
12.28	0.60661
12.3	0.60594
12.32	0.60405
12.34	0.60113
12.36	0.59739
12.38	0.59303
12.4	0.58822
12.42	0.58309
12.44	0.57771
12.46	0.57214
12.48	0.5664
12.5	0.56051
12.52	0.55452
12.54	0.54844
12.56	0.54232
12.58	0.53624
12.6	0.53025
12.62	0.52443
12.64	0.51884
12.66	0.51358
12.68	0.50871
12.7	0.50431
12.72	0.50045
12.74	0.49719
12.76	0.49459
12.78	0.49268
12.8	0.49148
12.82	0.49102
12.84	0.49129
12.86	0.49229
12.88	0.49402
12.9	0.49648
12.92	0.49968
12.94	0.50363
12.96	0.50833
12.98	0.51377
13	0.51994
13.02	0.52677
13.04	0.53421
13.06	0.54215
13.08	0.55044
13.1	0.55892
13.12	0.5674
13.14	0.57565
13.16	0.58344
13.18	0.59054
13.2	0.59674
13.22	0.60185
13.24	0.60571
13.26	0.60825
13.28	0.60942
13.3	0.60924
13.32	0.60778
13.34	0.60511
13.36	0.60136
13.38	0.59663
13.4	0.59104
13.42	0.58469
13.44	0.57768
13.46	0.57012
13.48	0.5621
13.5	0.55373
13.52	0.54511
13.54	0.53634
13.56	0.52753
13.58	0.51877
13.6	0.51017
13.62	0.50181
13.64	0.49376
13.66	0.48607
13.68	0.47879
13.7	0.47192
13.72	0.46547
13.74	0.45941
13.76	0.45372
13.78	0.44836
13.8	0.4433
13.82	0.43854
13.84	0.43408
13.86	0.42995
13.88	0.42617
13.9	0.42281
13.92	0.4199
13.94	0.41749
13.96	0.41561
13.98	0.41428
14	0.4135
14.02	0.41329
14.04	0.41362
14.06	0.41449
14.08	0.41586
14.1	0.41771
14.12	0.42003
14.14	0.42279
14.16	0.42597
14.18	0.42955
14.2	0.4335
14.22	0.43781
14.24	0.44243
14.26	0.44733
14.28	0.45243
14.3	0.45767
14.32	0.46293
14.34	0.46808
14.36	0.47299
14.38	0.4775
14.4	0.48145
14.42	0.48469
14.44	0.4871
14.46	0.48861
14.48	0.48918
14.5	0.48883
14.52	0.48764
14.54	0.48569
14.56	0.48313
14.58	0.48006
14.6	0.47662
14.62	0.4729
14.64	0.46897
14.66	0.46492
14.68	0.4608
14.7	0.45667
14.72	0.45259
14.74	0.44863
14.76	0.44487
14.78	0.44139
14.8	0.43824
14.82	0.43548
14.84	0.43316
14.86	0.43131
14.88	0.42994
14.9	0.42905
14.92	0.42865
14.94	0.42871
14.96	0.42923
14.98	0.43019
15	0.43158
15.02	0.43337
15.04	0.43554
15.06	0.43806
15.08	0.44087
15.1	0.44391
15.12	0.44709
15.14	0.45031
15.16	0.45346
15.18	0.4564
15.2	0.45903
15.22	0.46124
15.24	0.46293
15.26	0.46404
15.28	0.46457
15.3	0.4645
15.32	0.46391
15.34	0.46285
15.36	0.46144
15.38	0.45979
15.4	0.45803
15.42	0.45626
15.44	0.4546
15.46	0.45315
15.48	0.45199
15.5	0.4512
15.52	0.45084
15.54	0.45097
15.56	0.45162
15.58	0.45279
15.6	0.45447
15.62	0.4566
15.64	0.45908
15.66	0.46181
15.68	0.4646
15.7	0.4673
15.72	0.46969
15.74	0.47161
15.76	0.47288
15.78	0.47337
15.8	0.47299
15.82	0.47172
15.84	0.46955
15.86	0.46654
15.88	0.46279
15.9	0.45841
15.92	0.45353
15.94	0.4483
15.96	0.44285
15.98	0.43733
16	0.43185
16.02	0.42653
16.04	0.42148
16.06	0.41678
16.08	0.41248
16.1	0.40864
16.12	0.40528
16.14	0.40242
16.16	0.40004
16.18	0.39812
16.2	0.39664
16.22	0.39556
16.24	0.39484
16.26	0.39447
16.28	0.3944
16.3	0.39463
16.32	0.39513
16.34	0.39589
16.36	0.39686
16.38	0.39803
16.4	0.39933
16.42	0.40068
16.44	0.40201
16.46	0.40321
16.48	0.40418
16.5	0.40484
16.52	0.40511
16.54	0.40493
16.56	0.40429
16.58	0.40318
16.6	0.40163
16.62	0.3997
16.64	0.39743
16.66	0.39492
16.68	0.39222
16.7	0.38943
16.72	0.3866
16.74	0.38381
16.76	0.38113
16.78	0.3786
16.8	0.37629
16.82	0.37426
16.84	0.37254
16.86	0.37119
16.88	0.37025
16.9	0.36976
16.92	0.36975
16.94	0.37024
16.96	0.37125
16.98	0.37278
17	0.37482
17.02	0.37737
17.04	0.38039
17.06	0.38385
17.08	0.38772
17.1	0.39193
17.12	0.39644
17.14	0.4012
17.16	0.40615
17.18	0.41124
17.2	0.41644
17.22	0.4217
17.24	0.42701
17.26	0.43237
17.28	0.43776
17.3	0.4432
17.32	0.44867
17.34	0.45418
17.36	0.4597
17.38	0.46519
17.4	0.47058
17.42	0.47579
17.44	0.4807
17.46	0.48519
17.48	0.48913
17.5	0.49242
17.52	0.49496
17.54	0.49667
17.56	0.49752
17.58	0.49752
17.6	0.4967
17.62	0.49513
17.64	0.49288
17.66	0.49005
17.68	0.48673
17.7	0.48302
17.72	0.47901
17.74	0.4748
17.76	0.47047
17.78	0.46612
17.8	0.46182
17.82	0.45767
17.84	0.45371
17.86	0.45
17.88	0.44659
17.9	0.44348
17.92	0.44069
17.94	0.43822
17.96	0.43606
17.98	0.43422
18	0.43267
18.02	0.43142
18.04	0.43044
18.06	0.42973
18.08	0.42926
18.1	0.42901
18.12	0.42893
18.14	0.42899
18.16	0.42913
18.18	0.42932
18.2	0.42951
18.22	0.42967
18.24	0.42978
18.26	0.42982
18.28	0.42979
18.3	0.42971
18.32	0.42958
18.34	0.42944
18.36	0.42929
18.38	0.42916
18.4	0.42909
18.42	0.42909
18.44	0.42921
18.46	0.42946
18.48	0.4299
18.5	0.43054
18.52	0.43141
18.54	0.43253
18.56	0.4339
18.58	0.43553
18.6	0.4374
18.62	0.43946
18.64	0.4417
18.66	0.44406
18.68	0.44649
18.7	0.44894
18.72	0.45138
18.74	0.45378
18.76	0.45613
18.78	0.45843
18.8	0.46071
18.82	0.463
18.84	0.46537
18.86	0.46787
18.88	0.4706
18.9	0.47361
18.92	0.47698
18.94	0.48078
18.96	0.48507
18.98	0.48991
19	0.49531
19.02	0.50133
19.04	0.50798
19.06	0.51528
19.08	0.52323
19.1	0.53184
19.12	0.54111
19.14	0.55102
19.16	0.56158
19.18	0.57276
19.2	0.58453
19.22	0.59688
19.24	0.60979
19.26	0.62322
19.28	0.63717
19.3	0.65163
19.32	0.66662
19.34	0.68216
19.36	0.69828
19.38	0.71504
19.4	0.7325
19.42	0.75073
19.44	0.76981
19.46	0.78981
19.48	0.81084
19.5	0.83297
19.52	0.85631
19.54	0.88095
19.56	0.90703
19.58	0.93465
19.6	0.96394
19.62	0.99503
19.64	1.028
19.66	1.063
19.68	1.1001
19.7	1.1391
19.72	1.1802
19.74	1.2231
19.76	1.2676
19.78	1.3134
19.8	1.3599
19.82	1.4065
19.84	1.4525
19.86	1.4971
19.88	1.5395
19.9	1.5786
19.92	1.6137
19.94	1.6441
19.96	1.6693
19.98	1.6888
20	1.7028
20.02	1.7114
20.04	1.7152
20.06	1.7147
20.08	1.7109
20.1	1.7044
20.12	1.6962
20.14	1.6868
20.16	1.6768
20.18	1.6664
20.2	1.656
20.22	1.6452
20.24	1.634
20.26	1.622
20.28	1.6088
20.3	1.5938
20.32	1.5768
20.34	1.5574
20.36	1.5355
20.38	1.5111
20.4	1.4845
20.42	1.4559
20.44	1.4259
20.46	1.3951
20.48	1.3641
20.5	1.3335
20.52	1.3039
20.54	1.2759
20.56	1.2497
20.58	1.2259
20.6	1.2046
20.62	1.186
20.64	1.1702
20.66	1.1571
20.68	1.1468
20.7	1.139
20.72	1.1336
20.74	1.1303
20.76	1.1287
20.78	1.1285
20.8	1.1292
20.82	1.1302
20.84	1.1311
20.86	1.1312
20.88	1.13
20.9	1.1269
20.92	1.1216
20.94	1.1136
20.96	1.1028
20.98	1.089
21	1.0726
21.02	1.0535
21.04	1.0323
21.06	1.0093
21.08	0.98501
21.1	0.95993
21.12	0.93454
21.14	0.90926
21.16	0.88449
21.18	0.86057
21.2	0.8378
21.22	0.8164
21.24	0.79658
21.26	0.77847
21.28	0.76218
21.3	0.74781
21.32	0.73539
21.34	0.72497
21.36	0.71654
21.38	0.71011
21.4	0.70565
21.42	0.70313
21.44	0.7025
21.46	0.70369
21.48	0.7066
21.5	0.71111
21.52	0.71709
21.54	0.72435
21.56	0.73265
21.58	0.74174
21.6	0.75129
21.62	0.76095
21.64	0.77029
21.66	0.77889
21.68	0.78631
21.7	0.7921
21.72	0.79586
21.74	0.79727
21.76	0.79607
21.78	0.79214
21.8	0.78547
21.82	0.77616
21.84	0.76444
21.86	0.75061
21.88	0.73503
21.9	0.71811
21.92	0.70025
21.94	0.68186
21.96	0.6633
21.98	0.64489
22	0.62691
22.02	0.6096
22.04	0.59315
22.06	0.57772
22.08	0.5634
22.1	0.5503
22.12	0.53846
22.14	0.52793
22.16	0.51872
22.18	0.51085
22.2	0.50431
22.22	0.4991
22.24	0.49522
22.26	0.49264
22.28	0.49137
22.3	0.49138
22.32	0.49268
22.34	0.49525
22.36	0.49909
22.38	0.50418
22.4	0.51051
22.42	0.51807
22.44	0.52683
22.46	0.53674
22.48	0.54777
22.5	0.55982
22.52	0.57281
22.54	0.58659
22.56	0.60101
22.58	0.61583
22.6	0.63081
22.62	0.64563
22.64	0.65993
22.66	0.67333
22.68	0.6854
22.7	0.69574
22.72	0.70394
22.74	0.70966
22.76	0.71262
22.78	0.71266
22.8	0.70973
22.82	0.70389
22.84	0.69532
22.86	0.6843
22.88	0.67118
22.9	0.65635
22.92	0.64023
22.94	0.62322
22.96	0.6057
22.98	0.58801
23	0.57043
23.02	0.55321
23.04	0.53654
23.06	0.52057
23.08	0.50541
23.1	0.49115
23.12	0.47784
23.14	0.46553
23.16	0.45423
23.18	0.44395
23.2	0.4347
23.22	0.42648
23.24	0.41928
23.26	0.4131
23.28	0.40792
23.3	0.40375
23.32	0.40056
23.34	0.39836
23.36	0.39713
23.38	0.39687
23.4	0.39757
23.42	0.39923
23.44	0.40186
23.46	0.40546
23.48	0.41003
23.5	0.41559
23.52	0.42216
23.54	0.42975
23.56	0.43839
23.58	0.44808
23.6	0.45882
23.62	0.47063
23.64	0.48347
23.66	0.4973
23.68	0.51206
23.7	0.52764
23.72	0.54389
23.74	0.56063
23.76	0.57761
23.78	0.59455
23.8	0.61109
23.82	0.62686
23.84	0.6414
23.86	0.65428
23.88	0.66505
23.9	0.67327
23.92	0.67857
23.94	0.68068
23.96	0.67941
23.98	0.67471
24	0.66665
24.02	0.65542
24.04	0.64133
24.06	0.62476
24.08	0.60614
24.1	0.58593
24.12	0.56458
24.14	0.54251
24.16	0.52012
24.18	0.49774
24.2	0.47565
24.22	0.45407
24.24	0.43319
24.26	0.41312
24.28	0.39396
24.3	0.37576
24.32	0.35854
24.34	0.34231
24.36	0.32706
24.38	0.31274
24.4	0.29934
24.42	0.28679
24.44	0.27505
24.46	0.26406
24.48	0.25376
24.5	0.2441
24.52	0.23501
24.54	0.22644
24.56	0.21833
24.58	0.21063
24.6	0.2033
24.62	0.19628
24.64	0.18955
24.66	0.18307
24.68	0.17683
24.7	0.17081
24.72	0.165
24.74	0.15939
24.76	0.15398
24.78	0.14876
24.8	0.14375
24.82	0.13893
24.84	0.13431
24.86	0.12989
24.88	0.12567
24.9	0.12163
24.92	0.11778
24.94	0.11411
24.96	0.11061
24.98	0.10728
25	0.10411
25.02	0.10109
25.04	0.098211
25.06	0.095465
25.08	0.092846
25.1	0.090346
25.12	0.087957
25.14	0.085672
25.16	0.083485
25.18	0.081391
25.2	0.079382
25.22	0.077455
25.24	0.075603
25.26	0.073821
25.28	0.072106
25.3	0.070452
25.32	0.068855
25.34	0.067313
25.36	0.06582
25.38	0.064374
25.4	0.062973
25.42	0.061614
25.44	0.060294
25.46	0.059014
25.48	0.057771
25.5	0.056564
25.52	0.055393
25.54	0.054256
25.56	0.053154
25.58	0.052085
25.6	0.051049
25.62	0.050045
25.64	0.049072
25.66	0.048129
25.68	0.047217
25.7	0.046333
25.72	0.045477
25.74	0.044649
25.76	0.043847
25.78	0.043071
25.8	0.04232
25.82	0.041593
25.84	0.040889
25.86	0.040208
25.88	0.039549
25.9	0.038911
25.92	0.038294
25.94	0.037696
25.96	0.037118
25.98	0.036559
26	0.036018
26.02	0.035495
26.04	0.034989
26.06	0.034499
26.08	0.034026
26.1	0.033568
26.12	0.033125
26.14	0.032696
26.16	0.032281
26.18	0.031879
26.2	0.031489
26.22	0.03111
26.24	0.030741
26.26	0.030382
26.28	0.03003
26.3	0.029684
26.32	0.029344
26.34	0.029008
26.36	0.028674
26.38	0.028341
26.4	0.028008
26.42	0.027673
26.44	0.027337
26.46	0.026998
26.48	0.026657
26.5	0.026314
26.52	0.025969
26.54	0.025622
26.56	0.025275
26.58	0.024929
26.6	0.024584
26.62	0.024241
26.64	0.023902
26.66	0.023567
26.68	0.023236
26.7	0.022911
26.72	0.022592
26.74	0.022278
26.76	0.021971
26.78	0.021671
26.8	0.021377
26.82	0.02109
26.84	0.020809
26.86	0.020535
26.88	0.020266
26.9	0.020004
26.92	0.019749
26.94	0.019498
26.96	0.019254
26.98	0.019015
27	0.018782
27.02	0.018553
27.04	0.01833
27.06	0.018111
27.08	0.017897
27.1	0.017688
27.12	0.017483
27.14	0.017282
27.16	0.017085
27.18	0.016893
27.2	0.016704
27.22	0.016518
27.24	0.016337
27.26	0.016158
27.28	0.015983
27.3	0.015812
27.32	0.015643
27.34	0.015478
27.36	0.015315
27.38	0.015155
27.4	0.014999
27.42	0.014844
27.44	0.014693
27.46	0.014544
27.48	0.014398
27.5	0.014254
27.52	0.014112
27.54	0.013973
27.56	0.013835
27.58	0.013701
27.6	0.013568
27.62	0.013437
27.64	0.013308
27.66	0.013182
27.68	0.013057
27.7	0.012934
27.72	0.012813
27.74	0.012694
27.76	0.012576
27.78	0.012461
27.8	0.012347
27.82	0.012234
27.84	0.012123
27.86	0.012014
27.88	0.011907
27.9	0.0118
27.92	0.011696
27.94	0.011592
27.96	0.01149
27.98	0.01139
28	0.011291
28.02	0.011193
28.04	0.011097
28.06	0.011001
28.08	0.010907
28.1	0.010815
28.12	0.010723
28.14	0.010633
28.16	0.010544
28.18	0.010456
28.2	0.010369
28.22	0.010283
28.24	0.010198
28.26	0.010115
28.28	0.010032
28.3	0.0099504
28.32	0.0098697
28.34	0.0097901
28.36	0.0097114
28.38	0.0096337
28.4	0.0095569
28.42	0.0094811
28.44	0.0094061
28.46	0.009332
28.48	0.0092588
28.5	0.0091865
28.52	0.009115
28.54	0.0090443
28.56	0.0089744
28.58	0.0089054
28.6	0.0088371
28.62	0.0087696
28.64	0.0087029
28.66	0.0086369
28.68	0.0085716
28.7	0.0085071
28.72	0.0084433
28.74	0.0083803
28.76	0.0083179
28.78	0.0082561
28.8	0.0081951
28.82	0.0081347
28.84	0.008075
28.86	0.0080159
28.88	0.0079575
28.9	0.0078997
28.92	0.0078425
28.94	0.0077859
28.96	0.0077299
28.98	0.0076745
29	0.0076196
29.02	0.0075654
29.04	0.0075117
29.06	0.0074585
29.08	0.0074059
29.1	0.0073539
29.12	0.0073023
29.14	0.0072513
29.16	0.0072008
29.18	0.0071509
29.2	0.0071014
29.22	0.0070524
29.24	0.0070039
29.26	0.0069559
29.28	0.0069084
29.3	0.0068613
29.32	0.0068147
29.34	0.0067686
29.36	0.0067229
29.38	0.0066776
29.4	0.0066328
29.42	0.0065884
29.44	0.0065445
29.46	0.006501
29.48	0.0064578
29.5	0.0064151
29.52	0.0063728
29.54	0.0063309
29.56	0.0062894
29.58	0.0062483
29.6	0.0062076
29.62	0.0061672
29.64	0.0061273
29.66	0.0060877
29.68	0.0060484
29.7	0.0060095
29.72	0.005971
29.74	0.0059329
29.76	0.005895
29.78	0.0058575
29.8	0.0058204
29.82	0.0057836
29.84	0.0057471
29.86	0.005711
29.88	0.0056752
29.9	0.0056396
29.92	0.0056045
29.94	0.0055696
29.96	0.005535
29.98	0.0055007
30	0.0054668
30.02	0.0054331
30.04	0.0053997
30.06	0.0053666
30.08	0.0053338
30.1	0.0053013
30.12	0.0052691
30.14	0.0052371
30.16	0.0052054
30.18	0.005174
30.2	0.0051429
30.22	0.005112
30.24	0.0050814
30.26	0.005051
30.28	0.0050209
30.3	0.004991
30.32	0.0049614
30.34	0.0049321
30.36	0.0049029
30.38	0.0048741
30.4	0.0048454
30.42	0.004817
30.44	0.0047889
30.46	0.0047609
30.48	0.0047332
30.5	0.0047057
30.52	0.0046785
30.54	0.0046514
30.56	0.0046246
30.58	0.004598
30.6	0.0045716
30.62	0.0045455
30.64	0.0045195
30.66	0.0044937
30.68	0.0044682
30.7	0.0044428
30.72	0.0044177
30.74	0.0043927
30.76	0.0043679
30.78	0.0043434
30.8	0.004319
30.82	0.0042948
30.84	0.0042708
30.86	0.004247
30.88	0.0042234
30.9	0.0042
30.92	0.0041767
30.94	0.0041536
30.96	0.0041307
30.98	0.004108
31	0.0040855
31.02	0.0040631
31.04	0.0040409
31.06	0.0040188
31.08	0.0039969
31.1	0.0039752
31.12	0.0039537
31.14	0.0039323
31.16	0.0039111
31.18	0.00389
31.2	0.0038691
31.22	0.0038483
31.24	0.0038277
31.26	0.0038073
31.28	0.003787
31.3	0.0037668
31.32	0.0037468
31.34	0.003727
31.36	0.0037072
31.38	0.0036877
31.4	0.0036683
31.42	0.003649
31.44	0.0036298
31.46	0.0036108
31.48	0.0035919
31.5	0.0035732
31.52	0.0035546
31.54	0.0035361
31.56	0.0035178
31.58	0.0034996
31.6	0.0034815
31.62	0.0034636
31.64	0.0034458
31.66	0.0034281
31.68	0.0034105
31.7	0.0033931
31.72	0.0033757
31.74	0.0033585
31.76	0.0033414
31.78	0.0033245
31.8	0.0033076
31.82	0.0032909
31.84	0.0032743
31.86	0.0032578
31.88	0.0032414
31.9	0.0032251
31.92	0.003209
31.94	0.0031929
31.96	0.003177
31.98	0.0031612
32	0.0031454
32.02	0.0031298
32.04	0.0031143
32.06	0.0030989
32.08	0.0030836
32.1	0.0030684
32.12	0.0030533
32.14	0.0030383
32.16	0.0030234
32.18	0.0030086
32.2	0.0029939
32.22	0.0029793
32.24	0.0029648
32.26	0.0029504
32.28	0.0029361
32.3	0.0029219
32.32	0.0029078
32.34	0.0028937
32.36	0.0028798
32.38	0.0028659
32.4	0.0028522
32.42	0.0028385
32.44	0.0028249
32.46	0.0028114
32.48	0.002798
32.5	0.0027847
32.52	0.0027715
32.54	0.0027583
32.56	0.0027453
32.58	0.0027323
32.6	0.0027194
32.62	0.0027066
32.64	0.0026939
32.66	0.0026812
32.68	0.0026686
32.7	0.0026561
32.72	0.0026437
32.74	0.0026314
32.76	0.0026192
32.78	0.002607
32.8	0.0025949
32.82	0.0025828
32.84	0.0025709
32.86	0.002559
32.88	0.0025472
32.9	0.0025355
32.92	0.0025238
32.94	0.0025123
32.96	0.0025007
32.98	0.0024893
33	0.0024779
33.02	0.0024666
33.04	0.0024554
33.06	0.0024442
33.08	0.0024331
33.1	0.0024221
33.12	0.0024112
33.14	0.0024003
33.16	0.0023894
33.18	0.0023787
33.2	0.002368
33.22	0.0023574
33.24	0.0023468
33.26	0.0023363
33.28	0.0023258
33.3	0.0023155
33.32	0.0023052
33.34	0.0022949
33.36	0.0022847
33.38	0.0022746
33.4	0.0022645
33.42	0.0022545
33.44	0.0022445
33.46	0.0022346
33.48	0.0022248
33.5	0.002215
33.52	0.0022053
33.54	0.0021957
33.56	0.002186
33.58	0.0021765
33.6	0.002167
33.62	0.0021576
33.64	0.0021482
33.66	0.0021389
33.68	0.0021296
33.7	0.0021204
33.72	0.0021112
33.74	0.0021021
33.76	0.002093
33.78	0.002084
33.8	0.002075
33.82	0.0020661
33.84	0.0020573
33.86	0.0020485
33.88	0.0020397
33.9	0.002031
33.92	0.0020224
33.94	0.0020138
33.96	0.0020052
33.98	0.0019967
34	0.0019882
34.02	0.0019798
34.04	0.0019715
34.06	0.0019631
34.08	0.0019549
34.1	0.0019466
34.12	0.0019385
34.14	0.0019303
34.16	0.0019222
34.18	0.0019142
34.2	0.0019062
34.22	0.0018982
34.24	0.0018903
34.26	0.0018825
34.28	0.0018746
34.3	0.0018669
34.32	0.0018591
34.34	0.0018514
34.36	0.0018438
34.38	0.0018362
34.4	0.0018286
34.42	0.0018211
34.44	0.0018136
34.46	0.0018061
34.48	0.0017987
34.5	0.0017914
34.52	0.001784
34.54	0.0017768
34.56	0.0017695
34.58	0.0017623
34.6	0.0017551
34.62	0.001748
34.64	0.0017409
34.66	0.0017339
34.68	0.0017269
34.7	0.0017199
34.72	0.0017129
34.74	0.001706
34.76	0.0016992
34.78	0.0016923
34.8	0.0016855
34.82	0.0016788
34.84	0.0016721
34.86	0.0016654
34.88	0.0016587
34.9	0.0016521
34.92	0.0016455
34.94	0.001639
34.96	0.0016325
34.98	0.001626
35	0.0016196
35.02	0.0016131
35.04	0.0016068
35.06	0.0016004
35.08	0.0015941
35.1	0.0015878
35.12	0.0015816
35.14	0.0015754
35.16	0.0015692
35.18	0.0015631
35.2	0.0015569
35.22	0.0015509
35.24	0.0015448
35.26	0.0015388
35.28	0.0015328
35.3	0.0015268
35.32	0.0015209
35.34	0.001515
35.36	0.0015091
35.38	0.0015033
35.4	0.0014975
35.42	0.0014917
35.44	0.0014859
35.46	0.0014802
35.48	0.0014745
35.5	0.0014689
35.52	0.0014632
35.54	0.0014576
35.56	0.001452
35.58	0.0014465
35.6	0.001441
35.62	0.0014355
35.64	0.00143
35.66	0.0014245
35.68	0.0014191
35.7	0.0014137
35.72	0.0014084
35.74	0.001403
35.76	0.0013977
35.78	0.0013925
35.8	0.0013872
35.82	0.001382
35.84	0.0013768
35.86	0.0013716
35.88	0.0013664
35.9	0.0013613
35.92	0.0013562
35.94	0.0013511
35.96	0.0013461
35.98	0.0013411
36	0.0013361
36.02	0.0013311
36.04	0.0013261
36.06	0.0013212
36.08	0.0013163
36.1	0.0013114
36.12	0.0013066
36.14	0.0013017
36.16	0.0012969
36.18	0.0012921
36.2	0.0012874
36.22	0.0012826
36.24	0.0012779
36.26	0.0012732
36.28	0.0012685
36.3	0.0012639
36.32	0.0012592
36.34	0.0012546
36.36	0.00125
36.38	0.0012455
36.4	0.0012409
36.42	0.0012364
36.44	0.0012319
36.46	0.0012274
36.48	0.001223
36.5	0.0012186
36.52	0.0012141
36.54	0.0012097
36.56	0.0012054
36.58	0.001201
36.6	0.0011967
36.62	0.0011924
36.64	0.0011881
36.66	0.0011838
36.68	0.0011796
36.7	0.0011753
36.72	0.0011711
36.74	0.0011669
36.76	0.0011628
36.78	0.0011586
36.8	0.0011545
36.82	0.0011504
36.84	0.0011463
36.86	0.0011422
36.88	0.0011381
36.9	0.0011341
36.92	0.0011301
36.94	0.0011261
36.96	0.0011221
36.98	0.0011181
37	0.0011142
37.02	0.0011102
37.04	0.0011063
37.06	0.0011024
37.08	0.0010986
37.1	0.0010947
37.12	0.0010909
37.14	0.001087
37.16	0.0010832
37.18	0.0010795
37.2	0.0010757
37.22	0.0010719
37.24	0.0010682
37.26	0.0010645
37.28	0.0010608
37.3	0.0010571
37.32	0.0010534
37.34	0.0010498
37.36	0.0010461
37.38	0.0010425
37.4	0.0010389
37.42	0.0010353
37.44	0.0010317
37.46	0.0010282
37.48	0.0010246
37.5	0.0010211
37.52	0.0010176
37.54	0.0010141
37.56	0.0010106
37.58	0.0010072
37.6	0.0010037
37.62	0.0010003
37.64	0.00099688
37.66	0.00099348
37.68	0.00099009
37.7	0.00098672
37.72	0.00098337
37.74	0.00098002
37.76	0.0009767
37.78	0.00097338
37.8	0.00097009
37.82	0.0009668
37.84	0.00096353
37.86	0.00096028
37.88	0.00095704
37.9	0.00095381
37.92	0.0009506
37.94	0.0009474
37.96	0.00094421
37.98	0.00094104
38	0.00093789
38.02	0.00093474
38.04	0.00093161
38.06	0.00092849
38.08	0.00092539
38.1	0.0009223
38.12	0.00091922
38.14	0.00091616
38.16	0.00091311
38.18	0.00091007
38.2	0.00090705
38.22	0.00090404
38.24	0.00090104
38.26	0.00089806
38.28	0.00089508
38.3	0.00089212
38.32	0.00088917
38.34	0.00088624
38.36	0.00088332
38.38	0.00088041
38.4	0.00087751
38.42	0.00087462
38.44	0.00087175
38.46	0.00086889
38.48	0.00086604
38.5	0.0008632
38.52	0.00086038
38.54	0.00085756
38.56	0.00085476
38.58	0.00085197
38.6	0.0008492
38.62	0.00084643
38.64	0.00084367
38.66	0.00084093
38.68	0.0008382
38.7	0.00083548
38.72	0.00083277
38.74	0.00083007
38.76	0.00082739
38.78	0.00082471
38.8	0.00082205
38.82	0.00081939
38.84	0.00081675
38.86	0.00081412
38.88	0.0008115
38.9	0.00080889
38.92	0.00080629
38.94	0.0008037
38.96	0.00080112
38.98	0.00079856
39	0.000796
39.02	0.00079345
39.04	0.00079092
39.06	0.00078839
39.08	0.00078588
39.1	0.00078337
39.12	0.00078088
39.14	0.0007784
39.16	0.00077592
39.18	0.00077346
39.2	0.000771
39.22	0.00076856
39.24	0.00076613
39.26	0.0007637
39.28	0.00076129
39.3	0.00075888
39.32	0.00075649
39.34	0.0007541
39.36	0.00075173
39.38	0.00074936
39.4	0.000747
39.42	0.00074466
39.44	0.00074232
39.46	0.00073999
39.48	0.00073767
39.5	0.00073536
39.52	0.00073306
39.54	0.00073077
39.56	0.00072849
39.58	0.00072622
39.6	0.00072395
39.62	0.0007217
39.64	0.00071945
39.66	0.00071721
39.68	0.00071499
39.7	0.00071277
39.72	0.00071056
39.74	0.00070836
39.76	0.00070616
39.78	0.00070398
39.8	0.0007018
39.82	0.00069963
39.84	0.00069748
39.86	0.00069533
39.88	0.00069318
39.9	0.00069105
39.92	0.00068893
39.94	0.00068681
39.96	0.0006847
39.98	0.0006826
40	0.00068051
40.02	0.00067843
40.04	0.00067635
40.06	0.00067428
40.08	0.00067222
40.1	0.00067017
40.12	0.00066813
40.14	0.00066609
40.16	0.00066407
40.18	0.00066205
40.2	0.00066003
40.22	0.00065803
40.24	0.00065603
40.26	0.00065405
40.28	0.00065207
40.3	0.00065009
40.32	0.00064813
40.34	0.00064617
40.36	0.00064422
40.38	0.00064227
40.4	0.00064034
40.42	0.00063841
40.44	0.00063649
40.46	0.00063458
40.48	0.00063267
40.5	0.00063077
40.52	0.00062888
40.54	0.00062699
40.56	0.00062512
40.58	0.00062325
40.6	0.00062138
40.62	0.00061953
40.64	0.00061768
40.66	0.00061584
40.68	0.000614
40.7	0.00061217
40.72	0.00061035
40.74	0.00060854
40.76	0.00060673
40.78	0.00060493
40.8	0.00060314
40.82	0.00060135
40.84	0.00059957
40.86	0.0005978
40.88	0.00059603
40.9	0.00059427
40.92	0.00059252
40.94	0.00059077
40.96	0.00058903
40.98	0.00058729
41	0.00058557
41.02	0.00058385
41.04	0.00058213
41.06	0.00058042
41.08	0.00057872
41.1	0.00057702
41.12	0.00057534
41.14	0.00057365
41.16	0.00057198
41.18	0.0005703
41.2	0.00056864
41.22	0.00056698
41.24	0.00056533
41.26	0.00056368
41.28	0.00056204
41.3	0.00056041
41.32	0.00055878
41.34	0.00055716
41.36	0.00055554
41.38	0.00055393
41.4	0.00055233
41.42	0.00055073
41.44	0.00054914
41.46	0.00054755
41.48	0.00054597
41.5	0.0005444
41.52	0.00054283
41.54	0.00054126
41.56	0.00053971
41.58	0.00053815
41.6	0.00053661
41.62	0.00053507
41.64	0.00053353
41.66	0.000532
41.68	0.00053048
41.7	0.00052896
41.72	0.00052744
41.74	0.00052594
41.76	0.00052443
41.78	0.00052294
41.8	0.00052145
41.82	0.00051996
41.84	0.00051848
41.86	0.000517
41.88	0.00051553
41.9	0.00051407
41.92	0.00051261
41.94	0.00051116
41.96	0.00050971
41.98	0.00050826
42	0.00050682
42.02	0.00050539
42.04	0.00050396
42.06	0.00050254
42.08	0.00050112
42.1	0.00049971
42.12	0.0004983
42.14	0.0004969
42.16	0.0004955
42.18	0.0004941
42.2	0.00049272
42.22	0.00049133
42.24	0.00048995
42.26	0.00048858
42.28	0.00048721
42.3	0.00048585
42.32	0.00048449
42.34	0.00048313
42.36	0.00048178
42.38	0.00048044
42.4	0.0004791
42.42	0.00047776
42.44	0.00047643
42.46	0.00047511
42.48	0.00047379
42.5	0.00047247
42.52	0.00047116
42.54	0.00046985
42.56	0.00046855
42.58	0.00046725
42.6	0.00046595
42.62	0.00046467
42.64	0.00046338
42.66	0.0004621
42.68	0.00046082
42.7	0.00045955
42.72	0.00045829
42.74	0.00045702
42.76	0.00045576
42.78	0.00045451
42.8	0.00045326
42.82	0.00045202
42.84	0.00045077
42.86	0.00044954
42.88	0.00044831
42.9	0.00044708
42.92	0.00044585
42.94	0.00044463
42.96	0.00044342
42.98	0.00044221
43	0.000441
43.02	0.0004398
43.04	0.0004386
43.06	0.0004374
43.08	0.00043621
43.1	0.00043503
43.12	0.00043384
43.14	0.00043266
43.16	0.00043149
43.18	0.00043032
43.2	0.00042915
43.22	0.00042799
43.24	0.00042683
43.26	0.00042568
43.28	0.00042453
43.3	0.00042338
43.32	0.00042224
43.34	0.0004211
43.36	0.00041996
43.38	0.00041883
43.4	0.0004177
43.42	0.00041658
43.44	0.00041546
43.46	0.00041434
43.48	0.00041323
43.5	0.00041212
43.52	0.00041102
43.54	0.00040992
43.56	0.00040882
43.58	0.00040773
43.6	0.00040664
43.62	0.00040555
43.64	0.00040447
43.66	0.00040339
43.68	0.00040231
43.7	0.00040124
43.72	0.00040017
43.74	0.00039911
43.76	0.00039805
43.78	0.00039699
43.8	0.00039593
43.82	0.00039488
43.84	0.00039384
43.86	0.00039279
43.88	0.00039175
43.9	0.00039071
43.92	0.00038968
43.94	0.00038865
43.96	0.00038763
43.98	0.0003866
44	0.00038558
44.02	0.00038457
44.04	0.00038355
44.06	0.00038254
44.08	0.00038154
44.1	0.00038053
44.12	0.00037953
44.14	0.00037854
44.16	0.00037754
44.18	0.00037655
44.2	0.00037557
44.22	0.00037458
44.24	0.0003736
44.26	0.00037263
44.28	0.00037165
44.3	0.00037068
44.32	0.00036972
44.34	0.00036875
44.36	0.00036779
44.38	0.00036683
44.4	0.00036588
44.42	0.00036493
44.44	0.00036398
44.46	0.00036303
44.48	0.00036209
44.5	0.00036115
44.52	0.00036021
44.54	0.00035928
44.56	0.00035835
44.58	0.00035742
44.6	0.0003565
44.62	0.00035558
44.64	0.00035466
44.66	0.00035374
44.68	0.00035283
44.7	0.00035192
44.72	0.00035101
44.74	0.00035011
44.76	0.00034921
44.78	0.00034831
44.8	0.00034742
44.82	0.00034653
44.84	0.00034564
44.86	0.00034475
44.88	0.00034387
44.9	0.00034299
44.92	0.00034211
44.94	0.00034123
44.96	0.00034036
44.98	0.00033949
45	0.00033862
45.02	0.00033776
45.04	0.0003369
45.06	0.00033604
45.08	0.00033519
45.1	0.00033433
45.12	0.00033348
45.14	0.00033263
45.16	0.00033179
45.18	0.00033095
45.2	0.00033011
45.22	0.00032927
45.24	0.00032844
45.26	0.00032761
45.28	0.00032678
45.3	0.00032595
45.32	0.00032513
45.34	0.00032431
45.36	0.00032349
45.38	0.00032267
45.4	0.00032186
45.42	0.00032105
45.44	0.00032024
45.46	0.00031943
45.48	0.00031863
45.5	0.00031783
45.52	0.00031703
45.54	0.00031623
45.56	0.00031544
45.58	0.00031465
45.6	0.00031386
45.62	0.00031308
45.64	0.00031229
45.66	0.00031151
45.68	0.00031073
45.7	0.00030996
45.72	0.00030918
45.74	0.00030841
45.76	0.00030764
45.78	0.00030688
45.8	0.00030611
45.82	0.00030535
45.84	0.00030459
45.86	0.00030384
45.88	0.00030308
45.9	0.00030233
45.92	0.00030158
45.94	0.00030083
45.96	0.00030009
45.98	0.00029934
46	0.0002986
46.02	0.00029786
46.04	0.00029713
46.06	0.00029639
46.08	0.00029566
46.1	0.00029493
46.12	0.0002942
46.14	0.00029348
46.16	0.00029276
46.18	0.00029204
46.2	0.00029132
46.22	0.0002906
46.24	0.00028989
46.26	0.00028918
46.28	0.00028847
46.3	0.00028776
46.32	0.00028705
46.34	0.00028635
46.36	0.00028565
46.38	0.00028495
46.4	0.00028425
46.42	0.00028356
46.44	0.00028287
46.46	0.00028218
46.48	0.00028149
46.5	0.0002808
46.52	0.00028012
46.54	0.00027944
46.56	0.00027876
46.58	0.00027808
46.6	0.0002774
46.62	0.00027673
46.64	0.00027606
46.66	0.00027539
46.68	0.00027472
46.7	0.00027405
46.72	0.00027339
46.74	0.00027273
46.76	0.00027207
46.78	0.00027141
46.8	0.00027076
46.82	0.0002701
46.84	0.00026945
46.86	0.0002688
46.88	0.00026815
46.9	0.00026751
46.92	0.00026686
46.94	0.00026622
46.96	0.00026558
46.98	0.00026494
47	0.0002643
47.02	0.00026367
47.04	0.00026304
47.06	0.00026241
47.08	0.00026178
47.1	0.00026115
47.12	0.00026053
47.14	0.0002599
47.16	0.00025928
47.18	0.00025866
47.2	0.00025804
47.22	0.00025743
47.24	0.00025681
47.26	0.0002562
47.28	0.00025559
47.3	0.00025498
47.32	0.00025438
47.34	0.00025377
47.36	0.00025317
47.38	0.00025257
47.4	0.00025197
47.42	0.00025137
47.44	0.00025077
47.46	0.00025018
47.48	0.00024959
47.5	0.00024899
47.52	0.00024841
47.54	0.00024782
47.56	0.00024723
47.58	0.00024665
47.6	0.00024607
47.62	0.00024549
47.64	0.00024491
47.66	0.00024433
47.68	0.00024375
47.7	0.00024318
47.72	0.00024261
47.74	0.00024204
47.76	0.00024147
47.78	0.0002409
47.8	0.00024034
47.82	0.00023977
47.84	0.00023921
47.86	0.00023865
47.88	0.00023809
47.9	0.00023753
47.92	0.00023698
47.94	0.00023642
47.96	0.00023587
47.98	0.00023532
48	0.00023477
48.02	0.00023422
48.04	0.00023368
48.06	0.00023313
48.08	0.00023259
48.1	0.00023205
48.12	0.00023151
48.14	0.00023097
48.16	0.00023043
48.18	0.0002299
48.2	0.00022936
48.22	0.00022883
48.24	0.0002283
48.26	0.00022777
48.28	0.00022724
48.3	0.00022672
48.32	0.00022619
48.34	0.00022567
48.36	0.00022515
48.38	0.00022463
48.4	0.00022411
48.42	0.00022359
48.44	0.00022308
48.46	0.00022256
48.48	0.00022205
48.5	0.00022154
48.52	0.00022103
48.54	0.00022052
48.56	0.00022001
48.58	0.00021951
48.6	0.00021901
48.62	0.0002185
48.64	0.000218
48.66	0.0002175
48.68	0.000217
48.7	0.00021651
48.72	0.00021601
48.74	0.00021552
48.76	0.00021502
48.78	0.00021453
48.8	0.00021404
48.82	0.00021356
48.84	0.00021307
48.86	0.00021258
48.88	0.0002121
48.9	0.00021161
48.92	0.00021113
48.94	0.00021065
48.96	0.00021017
48.98	0.0002097
49	0.00020922
49.02	0.00020875
49.04	0.00020827
49.06	0.0002078
49.08	0.00020733
49.1	0.00020686
49.12	0.00020639
49.14	0.00020592
49.16	0.00020546
49.18	0.00020499
49.2	0.00020453
49.22	0.00020407
49.24	0.00020361
49.26	0.00020315
49.28	0.00020269
49.3	0.00020223
49.32	0.00020178
49.34	0.00020133
49.36	0.00020087
49.38	0.00020042
49.4	0.00019997
49.42	0.00019952
49.44	0.00019907
49.46	0.00019863
49.48	0.00019818
49.5	0.00019774
49.52	0.00019729
49.54	0.00019685
49.56	0.00019641
49.58	0.00019597
49.6	0.00019554
49.62	0.0001951
49.64	0.00019466
49.66	0.00019423
49.68	0.0001938
49.7	0.00019336
49.72	0.00019293
49.74	0.0001925
49.76	0.00019207
49.78	0.00019165
49.8	0.00019122
49.82	0.0001908
49.84	0.00019037
49.86	0.00018995
49.88	0.00018953
49.9	0.00018911
49.92	0.00018869
49.94	0.00018827
49.96	0.00018785
49.98	0.00018744
50	0.00018702
50.02	0.00018661
50.04	0.0001862
50.06	0.00018579
50.08	0.00018538
50.1	0.00018497
50.12	0.00018456
50.14	0.00018415
50.16	0.00018375
50.18	0.00018334
50.2	0.00018294
50.22	0.00018254
50.24	0.00018214
50.26	0.00018174
50.28	0.00018134
50.3	0.00018094
50.32	0.00018054
50.34	0.00018015
50.36	0.00017975
50.38	0.00017936
50.4	0.00017897
50.42	0.00017857
50.44	0.00017818
50.46	0.00017779
50.48	0.00017741
50.5	0.00017702
50.52	0.00017663
50.54	0.00017625
50.56	0.00017586
50.58	0.00017548
50.6	0.0001751
50.62	0.00017472
50.64	0.00017434
50.66	0.00017396
50.68	0.00017358
50.7	0.0001732
50.72	0.00017283
50.74	0.00017245
50.76	0.00017208
50.78	0.0001717
50.8	0.00017133
50.82	0.00017096
50.84	0.00017059
50.86	0.00017022
50.88	0.00016985
50.9	0.00016949
50.92	0.00016912
50.94	0.00016876
50.96	0.00016839
50.98	0.00016803
51	0.00016767
51.02	0.0001673
51.04	0.00016694
51.06	0.00016659
51.08	0.00016623
51.1	0.00016587
51.12	0.00016551
51.14	0.00016516
51.16	0.0001648
51.18	0.00016445
51.2	0.0001641
51.22	0.00016374
51.24	0.00016339
51.26	0.00016304
51.28	0.00016269
51.3	0.00016235
51.32	0.000162
51.34	0.00016165
51.36	0.00016131
51.38	0.00016096
51.4	0.00016062
51.42	0.00016028
51.44	0.00015994
51.46	0.00015959
51.48	0.00015925
51.5	0.00015892
51.52	0.00015858
51.54	0.00015824
51.56	0.0001579
51.58	0.00015757
51.6	0.00015723
51.62	0.0001569
51.64	0.00015657
51.66	0.00015624
51.68	0.0001559
51.7	0.00015557
51.72	0.00015524
51.74	0.00015492
51.76	0.00015459
51.78	0.00015426
51.8	0.00015394
51.82	0.00015361
51.84	0.00015329
51.86	0.00015296
51.88	0.00015264
51.9	0.00015232
51.92	0.000152
51.94	0.00015168
51.96	0.00015136
51.98	0.00015104
52	0.00015072
52.02	0.0001504
52.04	0.00015009
52.06	0.00014977
52.08	0.00014946
52.1	0.00014915
52.12	0.00014883
52.14	0.00014852
52.16	0.00014821
52.18	0.0001479
52.2	0.00014759
52.22	0.00014728
52.24	0.00014697
52.26	0.00014667
52.28	0.00014636
52.3	0.00014605
52.32	0.00014575
52.34	0.00014545
52.36	0.00014514
52.38	0.00014484
52.4	0.00014454
52.42	0.00014424
52.44	0.00014394
52.46	0.00014364
52.48	0.00014334
52.5	0.00014304
52.52	0.00014275
52.54	0.00014245
52.56	0.00014215
52.58	0.00014186
52.6	0.00014156
52.62	0.00014127
52.64	0.00014098
52.66	0.00014069
52.68	0.0001404
52.7	0.00014011
52.72	0.00013982
52.74	0.00013953
52.76	0.00013924
52.78	0.00013895
52.8	0.00013867
52.82	0.00013838
52.84	0.00013809
52.86	0.00013781
52.88	0.00013753
52.9	0.00013724
52.92	0.00013696
52.94	0.00013668
52.96	0.0001364
52.98	0.00013612
53	0.00013584
53.02	0.00013556
53.04	0.00013528
53.06	0.00013501
53.08	0.00013473
53.1	0.00013445
53.12	0.00013418
53.14	0.0001339
53.16	0.00013363
53.18	0.00013336
53.2	0.00013308
53.22	0.00013281
53.24	0.00013254
53.26	0.00013227
53.28	0.000132
53.3	0.00013173
53.32	0.00013146
53.34	0.0001312
53.36	0.00013093
53.38	0.00013066
53.4	0.0001304
53.42	0.00013013
53.44	0.00012987
53.46	0.0001296
53.48	0.00012934
53.5	0.00012908
53.52	0.00012882
53.54	0.00012855
53.56	0.00012829
53.58	0.00012803
53.6	0.00012778
53.62	0.00012752
53.64	0.00012726
53.66	0.000127
53.68	0.00012675
53.7	0.00012649
53.72	0.00012623
53.74	0.00012598
53.76	0.00012573
53.78	0.00012547
53.8	0.00012522
53.82	0.00012497
53.84	0.00012472
53.86	0.00012446
53.88	0.00012421
53.9	0.00012397
53.92	0.00012372
53.94	0.00012347
53.96	0.00012322
53.98	0.00012297
54	0.00012273
54.02	0.00012248
54.04	0.00012223
54.06	0.00012199
54.08	0.00012175
54.1	0.0001215
54.12	0.00012126
54.14	0.00012102
54.16	0.00012078
54.18	0.00012053
54.2	0.00012029
54.22	0.00012005
54.24	0.00011981
54.26	0.00011958
54.28	0.00011934
54.3	0.0001191
54.32	0.00011886
54.34	0.00011863
54.36	0.00011839
54.38	0.00011815
54.4	0.00011792
54.42	0.00011769
54.44	0.00011745
54.46	0.00011722
54.48	0.00011699
54.5	0.00011675
54.52	0.00011652
54.54	0.00011629
54.56	0.00011606
54.58	0.00011583
54.6	0.0001156
54.62	0.00011538
54.64	0.00011515
54.66	0.00011492
54.68	0.00011469
54.7	0.00011447
54.72	0.00011424
54.74	0.00011402
54.76	0.00011379
54.78	0.00011357
54.8	0.00011334
54.82	0.00011312
54.84	0.0001129
54.86	0.00011268
54.88	0.00011245
54.9	0.00011223
54.92	0.00011201
54.94	0.00011179
54.96	0.00011157
54.98	0.00011136
55	0.00011114
55.02	0.00011092
55.04	0.0001107
55.06	0.00011049
55.08	0.00011027
55.1	0.00011005
55.12	0.00010984
55.14	0.00010962
55.16	0.00010941
55.18	0.0001092
55.2	0.00010898
55.22	0.00010877
55.24	0.00010856
55.26	0.00010835
55.28	0.00010814
55.3	0.00010793
55.32	0.00010772
55.34	0.00010751
55.36	0.0001073
55.38	0.00010709
55.4	0.00010688
55.42	0.00010667
55.44	0.00010647
55.46	0.00010626
55.48	0.00010605
55.5	0.00010585
55.52	0.00010564
55.54	0.00010544
55.56	0.00010524
55.58	0.00010503
55.6	0.00010483
55.62	0.00010463
55.64	0.00010442
55.66	0.00010422
55.68	0.00010402
55.7	0.00010382
55.72	0.00010362
55.74	0.00010342
55.76	0.00010322
55.78	0.00010302
55.8	0.00010282
55.82	0.00010263
55.84	0.00010243
55.86	0.00010223
55.88	0.00010204
55.9	0.00010184
55.92	0.00010164
55.94	0.00010145
55.96	0.00010126
55.98	0.00010106
56	0.00010087
56.02	0.00010067
56.04	0.00010048
56.06	0.00010029
56.08	0.0001001
56.1	9.9906e-05
56.12	9.9715e-05
56.14	9.9525e-05
56.16	9.9335e-05
56.18	9.9145e-05
56.2	9.8956e-05
56.22	9.8767e-05
56.24	9.8579e-05
56.26	9.8391e-05
56.28	9.8204e-05
56.3	9.8017e-05
56.32	9.783e-05
56.34	9.7644e-05
56.36	9.7459e-05
56.38	9.7273e-05
56.4	9.7089e-05
56.42	9.6904e-05
56.44	9.672e-05
56.46	9.6537e-05
56.48	9.6354e-05
56.5	9.6171e-05
56.52	9.5989e-05
56.54	9.5807e-05
56.56	9.5626e-05
56.58	9.5445e-05
56.6	9.5265e-05
56.62	9.5085e-05
56.64	9.4905e-05
56.66	9.4726e-05
56.68	9.4547e-05
56.7	9.4368e-05
56.72	9.4191e-05
56.74	9.4013e-05
56.76	9.3836e-05
56.78	9.3659e-05
56.8	9.3483e-05
56.82	9.3307e-05
56.84	9.3131e-05
56.86	9.2956e-05
56.88	9.2781e-05
56.9	9.2607e-05
56.92	9.2433e-05
56.94	9.226e-05
56.96	9.2087e-05
56.98	9.1914e-05
57	9.1742e-05
57.02	9.157e-05
57.04	9.1398e-05
57.06	9.1227e-05
57.08	9.1056e-05
57.1	9.0886e-05
57.12	9.0716e-05
57.14	9.0547e-05
57.16	9.0378e-05
57.18	9.0209e-05
57.2	9.004e-05
57.22	8.9872e-05
57.24	8.9705e-05
57.26	8.9538e-05
57.28	8.9371e-05
57.3	8.9204e-05
57.32	8.9038e-05
57.34	8.8873e-05
57.36	8.8707e-05
57.38	8.8542e-05
57.4	8.8378e-05
57.42	8.8214e-05
57.44	8.805e-05
57.46	8.7887e-05
57.48	8.7724e-05
57.5	8.7561e-05
57.52	8.7399e-05
57.54	8.7237e-05
57.56	8.7075e-05
57.58	8.6914e-05
57.6	8.6753e-05
57.62	8.6593e-05
57.64	8.6433e-05
57.66	8.6273e-05
57.68	8.6114e-05
57.7	8.5955e-05
57.72	8.5796e-05
57.74	8.5638e-05
57.76	8.548e-05
57.78	8.5322e-05
57.8	8.5165e-05
57.82	8.5008e-05
57.84	8.4852e-05
57.86	8.4696e-05
57.88	8.454e-05
57.9	8.4384e-05
57.92	8.4229e-05
57.94	8.4075e-05
57.96	8.392e-05
57.98	8.3766e-05
58	8.3613e-05
58.02	8.3459e-05
58.04	8.3306e-05
58.06	8.3154e-05
58.08	8.3001e-05
58.1	8.2849e-05
58.12	8.2698e-05
58.14	8.2547e-05
58.16	8.2396e-05
58.18	8.2245e-05
58.2	8.2095e-05
58.22	8.1945e-05
58.24	8.1795e-05
58.26	8.1646e-05
58.28	8.1497e-05
58.3	8.1349e-05
58.32	8.1201e-05
58.34	8.1053e-05
58.36	8.0905e-05
58.38	8.0758e-05
58.4	8.0611e-05
58.42	8.0465e-05
58.44	8.0318e-05
58.46	8.0172e-05
58.48	8.0027e-05
58.5	7.9882e-05
58.52	7.9737e-05
58.54	7.9592e-05
58.56	7.9448e-05
58.58	7.9304e-05
58.6	7.916e-05
58.62	7.9017e-05
58.64	7.8874e-05
58.66	7.8731e-05
58.68	7.8589e-05
58.7	7.8447e-05
58.72	7.8305e-05
58.74	7.8164e-05
58.76	7.8023e-05
58.78	7.7882e-05
58.8	7.7742e-05
58.82	7.7601e-05
58.84	7.7462e-05
58.86	7.7322e-05
58.88	7.7183e-05
58.9	7.7044e-05
58.92	7.6905e-05
58.94	7.6767e-05
58.96	7.6629e-05
58.98	7.6491e-05
59	7.6354e-05
59.02	7.6217e-05
59.04	7.608e-05
59.06	7.5944e-05
59.08	7.5808e-05
59.1	7.5672e-05
59.12	7.5536e-05
59.14	7.5401e-05
59.16	7.5266e-05
59.18	7.5131e-05
59.2	7.4997e-05
59.22	7.4863e-05
59.24	7.4729e-05
59.26	7.4596e-05
59.28	7.4463e-05
59.3	7.433e-05
59.32	7.4197e-05
59.34	7.4065e-05
59.36	7.3933e-05
59.38	7.3801e-05
59.4	7.367e-05
59.42	7.3539e-05
59.44	7.3408e-05
59.46	7.3277e-05
59.48	7.3147e-05
59.5	7.3017e-05
59.52	7.2887e-05
59.54	7.2758e-05
59.56	7.2629e-05
59.58	7.25e-05
59.6	7.2371e-05
59.62	7.2243e-05
59.64	7.2115e-05
59.66	7.1987e-05
59.68	7.186e-05
59.7	7.1733e-05
59.72	7.1606e-05
59.74	7.1479e-05
59.76	7.1353e-05
59.78	7.1227e-05
59.8	7.1101e-05
59.82	7.0976e-05
59.84	7.0851e-05
59.86	7.0726e-05
59.88	7.0601e-05
59.9	7.0476e-05
59.92	7.0352e-05
59.94	7.0228e-05
59.96	7.0105e-05
59.98	6.9982e-05
60	6.9859e-05
