 2.00000   1.25845
 2.02000   1.23539
 2.04000   1.21299
 2.06000   1.19123
 2.08000   1.17009
 2.10000   1.14953
 2.12000   1.12954
 2.14000   1.11009
 2.16000   1.09117
 2.18000   1.07276
 2.20000   1.05484
 2.22000   1.03740
 2.24000   1.02040
 2.26000   1.00385
 2.28000   0.98772
 2.30000   0.97200
 2.32000   0.95668
 2.34000   0.94174
 2.36000   0.92717
 2.38000   0.91296
 2.40000   0.89910
 2.42000   0.88556
 2.44000   0.87236
 2.46000   0.85946
 2.48000   0.84687
 2.50000   0.83458
 2.52000   0.82257
 2.54000   0.81083
 2.56000   0.79937
 2.58000   0.78816
 2.60000   0.77720
 2.62000   0.76649
 2.64000   0.75601
 2.66000   0.74577
 2.68000   0.73575
 2.70000   0.72594
 2.72000   0.71634
 2.74000   0.70695
 2.76000   0.69776
 2.78000   0.68876
 2.80000   0.67995
 2.82000   0.67132
 2.84000   0.66286
 2.86000   0.65458
 2.88000   0.64647
 2.90000   0.63852
 2.92000   0.63073
 2.94000   0.62309
 2.96000   0.61560
 2.98000   0.60826
 3.00000   0.60106
 3.02000   0.59400
 3.04000   0.58708
 3.06000   0.58029
 3.08000   0.57362
 3.10000   0.56708
 3.12000   0.56067
 3.14000   0.55437
 3.16000   0.54819
 3.18000   0.54212
 3.20000   0.53616
 3.22000   0.53031
 3.24000   0.52457
 3.26000   0.51892
 3.28000   0.51338
 3.30000   0.50793
 3.32000   0.50258
 3.34000   0.49733
 3.36000   0.49216
 3.38000   0.48709
 3.40000   0.48210
 3.42000   0.47719
 3.44000   0.47237
 3.46000   0.46763
 3.48000   0.46297
 3.50000   0.45838
 3.52000   0.45387
 3.54000   0.44944
 3.56000   0.44508
 3.58000   0.44079
 3.60000   0.43656
 3.62000   0.43241
 3.64000   0.42832
 3.66000   0.42430
 3.68000   0.42034
 3.70000   0.41644
 3.72000   0.41261
 3.74000   0.40883
 3.76000   0.40511
 3.78000   0.40145
 3.80000   0.39784
 3.82000   0.39429
 3.84000   0.39080
 3.86000   0.38735
 3.88000   0.38396
 3.90000   0.38062
 3.92000   0.37733
 3.94000   0.37408
 3.96000   0.37089
 3.98000   0.36774
 4.00000   0.36463
 4.02000   0.36157
 4.04000   0.35856
 4.06000   0.35559
 4.08000   0.35266
 4.10000   0.34977
 4.12000   0.34692
 4.14000   0.34411
 4.16000   0.34135
 4.18000   0.33862
 4.20000   0.33592
 4.22000   0.33327
 4.24000   0.33065
 4.26000   0.32807
 4.28000   0.32552
 4.30000   0.32301
 4.32000   0.32053
 4.34000   0.31808
 4.36000   0.31567
 4.38000   0.31329
 4.40000   0.31094
 4.42000   0.30862
 4.44000   0.30633
 4.46000   0.30407
 4.48000   0.30184
 4.50000   0.29964
 4.52000   0.29747
 4.54000   0.29532
 4.56000   0.29321
 4.58000   0.29111
 4.60000   0.28905
 4.62000   0.28701
 4.64000   0.28500
 4.66000   0.28301
 4.68000   0.28105
 4.70000   0.27911
 4.72000   0.27720
 4.74000   0.27531
 4.76000   0.27344
 4.78000   0.27160
 4.80000   0.26977
 4.82000   0.26797
 4.84000   0.26619
 4.86000   0.26444
 4.88000   0.26270
 4.90000   0.26098
 4.92000   0.25929
 4.94000   0.25761
 4.96000   0.25596
 4.98000   0.25432
 5.00000   0.25271
 5.02000   0.25111
 5.04000   0.24953
 5.06000   0.24797
 5.08000   0.24643
 5.10000   0.24490
 5.12000   0.24339
 5.14000   0.24190
 5.16000   0.24043
 5.18000   0.23897
 5.20000   0.23753
 5.22000   0.23611
 5.24000   0.23470
 5.26000   0.23331
 5.28000   0.23194
 5.30000   0.23058
 5.32000   0.22924
 5.34000   0.22791
 5.36000   0.22660
 5.38000   0.22531
 5.40000   0.22403
 5.42000   0.22276
 5.44000   0.22152
 5.46000   0.22029
 5.48000   0.21908
 5.50000   0.21790
 5.52000   0.21673
 5.54000   0.21559
 5.56000   0.21447
 5.58000   0.21338
 5.60000   0.21231
 5.62000   0.21125
 5.64000   0.21017
 5.66000   0.20905
 5.68000   0.20789
 5.70000   0.20671
 5.72000   0.20552
 5.74000   0.20435
 5.76000   0.20321
 5.78000   0.20209
 5.80000   0.20100
 5.82000   0.19993
 5.84000   0.19887
 5.86000   0.19784
 5.88000   0.19681
 5.90000   0.19580
 5.92000   0.19481
 5.94000   0.19382
 5.96000   0.19285
 5.98000   0.19189
 6.00000   0.19093
 6.02000   0.18999
 6.04000   0.18906
 6.06000   0.18814
 6.08000   0.18723
 6.10000   0.18632
 6.12000   0.18543
 6.14000   0.18454
 6.16000   0.18367
 6.18000   0.18280
 6.20000   0.18194
 6.22000   0.18109
 6.24000   0.18025
 6.26000   0.17941
 6.28000   0.17859
 6.30000   0.17777
 6.32000   0.17696
 6.34000   0.17616
 6.36000   0.17537
 6.38000   0.17459
 6.40000   0.17381
 6.42000   0.17305
 6.44000   0.17229
 6.46000   0.17154
 6.48000   0.17081
 6.50000   0.17007
 6.52000   0.16934
 6.54000   0.16861
 6.56000   0.16787
 6.58000   0.16714
 6.60000   0.16642
 6.62000   0.16570
 6.64000   0.16499
 6.66000   0.16429
 6.68000   0.16360
 6.70000   0.16291
 6.72000   0.16223
 6.74000   0.16156
 6.76000   0.16090
 6.78000   0.16024
 6.80000   0.15959
 6.82000   0.15894
 6.84000   0.15830
 6.86000   0.15767
 6.88000   0.15704
 6.90000   0.15642
 6.92000   0.15580
 6.94000   0.15519
 6.96000   0.15459
 6.98000   0.15399
 7.00000   0.15339
 7.02000   0.15280
 7.04000   0.15222
 7.06000   0.15164
 7.08000   0.15107
 7.10000   0.15050
 7.12000   0.14993
 7.14000   0.14937
 7.16000   0.14882
 7.18000   0.14827
 7.20000   0.14773
 7.22000   0.14719
 7.24000   0.14665
 7.26000   0.14612
 7.28000   0.14560
 7.30000   0.14507
 7.32000   0.14456
 7.34000   0.14405
 7.36000   0.14354
 7.38000   0.14304
 7.40000   0.14254
 7.42000   0.14204
 7.44000   0.14155
 7.46000   0.14107
 7.48000   0.14059
 7.50000   0.14011
 7.52000   0.13964
 7.54000   0.13917
 7.56000   0.13870
 7.58000   0.13824
 7.60000   0.13779
 7.62000   0.13733
 7.64000   0.13689
 7.66000   0.13644
 7.68000   0.13600
 7.70000   0.13557
 7.72000   0.13513
 7.74000   0.13471
 7.76000   0.13428
 7.78000   0.13386
 7.80000   0.13345
 7.82000   0.13304
 7.84000   0.13263
 7.86000   0.13222
 7.88000   0.13183
 7.90000   0.13143
 7.92000   0.13104
 7.94000   0.13065
 7.96000   0.13027
 7.98000   0.12989
 8.00000   0.12952
 8.02000   0.12915
 8.04000   0.12878
 8.06000   0.12842
 8.08000   0.12807
 8.10000   0.12772
 8.12000   0.12737
 8.14000   0.12703
 8.16000   0.12670
 8.18000   0.12637
 8.20000   0.12605
 8.22000   0.12574
 8.24000   0.12543
 8.26000   0.12512
 8.28000   0.12482
 8.30000   0.12453
 8.32000   0.12424
 8.34000   0.12397
 8.36000   0.12370
 8.38000   0.12345
 8.40000   0.12322
 8.42000   0.12300
 8.44000   0.12279
 8.46000   0.12261
 8.48000   0.12245
 8.50000   0.12231
 8.52000   0.12221
 8.54000   0.12215
 8.56000   0.12213
 8.58000   0.12217
 8.60000   0.12228
 8.62000   0.12247
 8.64000   0.12278
 8.66000   0.12322
 8.68000   0.12384
 8.70000   0.12468
 8.72000   0.12583
 8.74000   0.12735
 8.76000   0.12934
 8.78000   0.13187
 8.80000   0.13490
 8.82000   0.13819
 8.84000   0.14111
 8.86000   0.14275
 8.88000   0.14232
 8.90000   0.13988
 8.92000   0.13623
 8.94000   0.13231
 8.96000   0.12871
 8.98000   0.12565
 9.00000   0.12314
 9.02000   0.12110
 9.04000   0.11945
 9.06000   0.11809
 9.08000   0.11696
 9.10000   0.11600
 9.12000   0.11518
 9.14000   0.11446
 9.16000   0.11383
 9.18000   0.11327
 9.20000   0.11276
 9.22000   0.11229
 9.24000   0.11186
 9.26000   0.11146
 9.28000   0.11108
 9.30000   0.11073
 9.32000   0.11039
 9.34000   0.11007
 9.36000   0.10977
 9.38000   0.10947
 9.40000   0.10919
 9.42000   0.10892
 9.44000   0.10865
 9.46000   0.10840
 9.48000   0.10815
 9.50000   0.10791
 9.52000   0.10768
 9.54000   0.10745
 9.56000   0.10722
 9.58000   0.10701
 9.60000   0.10680
 9.62000   0.10659
 9.64000   0.10639
 9.66000   0.10619
 9.68000   0.10600
 9.70000   0.10582
 9.72000   0.10564
 9.74000   0.10546
 9.76000   0.10529
 9.78000   0.10513
 9.80000   0.10497
 9.82000   0.10482
 9.84000   0.10467
 9.86000   0.10453
 9.88000   0.10440
 9.90000   0.10428
 9.92000   0.10417
 9.94000   0.10406
 9.96000   0.10397
 9.98000   0.10389
10.00000   0.10382
10.02000   0.10376
10.04000   0.10373
10.06000   0.10371
10.08000   0.10371
10.10000   0.10374
10.12000   0.10380
10.14000   0.10390
10.16000   0.10404
10.18000   0.10422
10.20000   0.10447
10.22000   0.10479
10.24000   0.10521
10.26000   0.10574
10.28000   0.10641
10.30000   0.10726
10.32000   0.10835
10.34000   0.10973
10.36000   0.11151
10.38000   0.11379
10.40000   0.11670
10.42000   0.12039
10.44000   0.12494
10.46000   0.13024
10.48000   0.13576
10.50000   0.14035
10.52000   0.14249
10.54000   0.14123
10.56000   0.13701
10.58000   0.13127
10.60000   0.12539
10.62000   0.12015
10.64000   0.11580
10.66000   0.11230
10.68000   0.10951
10.70000   0.10728
10.72000   0.10549
10.74000   0.10403
10.76000   0.10284
10.78000   0.10184
10.80000   0.10100
10.82000   0.10028
10.84000   0.09967
10.86000   0.09913
10.88000   0.09865
10.90000   0.09823
10.92000   0.09785
10.94000   0.09751
10.96000   0.09720
10.98000   0.09691
11.00000   0.09665
11.02000   0.09640
11.04000   0.09618
11.06000   0.09596
11.08000   0.09576
11.10000   0.09558
11.12000   0.09540
11.14000   0.09524
11.16000   0.09508
11.18000   0.09494
11.20000   0.09480
11.22000   0.09468
11.24000   0.09456
11.26000   0.09446
11.28000   0.09436
11.30000   0.09425
11.32000   0.09414
11.34000   0.09401
11.36000   0.09386
11.38000   0.09372
11.40000   0.09357
11.42000   0.09343
11.44000   0.09330
11.46000   0.09318
11.48000   0.09306
11.50000   0.09295
11.52000   0.09285
11.54000   0.09274
11.56000   0.09264
11.58000   0.09255
11.60000   0.09245
11.62000   0.09236
11.64000   0.09227
11.66000   0.09219
11.68000   0.09210
11.70000   0.09202
11.72000   0.09194
11.74000   0.09186
11.76000   0.09179
11.78000   0.09171
11.80000   0.09164
11.82000   0.09156
11.84000   0.09149
11.86000   0.09142
11.88000   0.09136
11.90000   0.09129
11.92000   0.09122
11.94000   0.09116
11.96000   0.09110
11.98000   0.09104
12.00000   0.09098
12.02000   0.09092
12.04000   0.09086
12.06000   0.09081
12.08000   0.09075
12.10000   0.09070
12.12000   0.09065
12.14000   0.09060
12.16000   0.09055
12.18000   0.09050
12.20000   0.09046
12.22000   0.09041
12.24000   0.09037
12.26000   0.09033
12.28000   0.09028
12.30000   0.09024
12.32000   0.09021
12.34000   0.09017
12.36000   0.09013
12.38000   0.09010
12.40000   0.09006
12.42000   0.09003
12.44000   0.09000
12.46000   0.08997
12.48000   0.08995
12.50000   0.08992
12.52000   0.08990
12.54000   0.08987
12.56000   0.08985
12.58000   0.08983
12.60000   0.08982
12.62000   0.08980
12.64000   0.08979
12.66000   0.08978
12.68000   0.08978
12.70000   0.08978
12.72000   0.08978
12.74000   0.08979
12.76000   0.08980
12.78000   0.08981
12.80000   0.08983
12.82000   0.08985
12.84000   0.08987
12.86000   0.08990
12.88000   0.08993
12.90000   0.08997
12.92000   0.09004
12.94000   0.09012
12.96000   0.09023
12.98000   0.09038
13.00000   0.09056
13.02000   0.09076
13.04000   0.09097
13.06000   0.09113
13.08000   0.09120
13.10000   0.09115
13.12000   0.09100
13.14000   0.09081
13.16000   0.09063
13.18000   0.09048
13.20000   0.09037
13.22000   0.09029
13.24000   0.09024
13.26000   0.09021
13.28000   0.09020
13.30000   0.09020
13.32000   0.09021
13.34000   0.09023
13.36000   0.09026
13.38000   0.09031
13.40000   0.09038
13.42000   0.09046
13.44000   0.09056
13.46000   0.09068
13.48000   0.09084
13.50000   0.09103
13.52000   0.09126
13.54000   0.09155
13.56000   0.09190
13.58000   0.09235
13.60000   0.09288
13.62000   0.09349
13.64000   0.09411
13.66000   0.09462
13.68000   0.09488
13.70000   0.09479
13.72000   0.09442
13.74000   0.09392
13.76000   0.09342
13.78000   0.09300
13.80000   0.09267
13.82000   0.09244
13.84000   0.09228
13.86000   0.09218
13.88000   0.09214
13.90000   0.09214
13.92000   0.09218
13.94000   0.09225
13.96000   0.09235
13.98000   0.09248
14.00000   0.09264
14.02000   0.09284
14.04000   0.09306
14.06000   0.09333
14.08000   0.09365
14.10000   0.09402
14.12000   0.09446
14.14000   0.09498
14.16000   0.09561
14.18000   0.09636
14.20000   0.09728
14.22000   0.09841
14.24000   0.09981
14.26000   0.10157
14.28000   0.10377
14.30000   0.10650
14.32000   0.10980
14.34000   0.11356
14.36000   0.11734
14.38000   0.12030
14.40000   0.12147
14.42000   0.12040
14.44000   0.11757
14.46000   0.11397
14.48000   0.11044
14.50000   0.10741
14.52000   0.10498
14.54000   0.10311
14.56000   0.10172
14.58000   0.10072
14.60000   0.10004
14.62000   0.09963
14.64000   0.09946
14.66000   0.09953
14.68000   0.09984
14.70000   0.10040
14.72000   0.10122
14.74000   0.10231
14.76000   0.10357
14.78000   0.10479
14.80000   0.10564
14.82000   0.10577
14.84000   0.10509
14.86000   0.10387
14.88000   0.10248
14.90000   0.10118
14.92000   0.10009
14.94000   0.09923
14.96000   0.09857
14.98000   0.09808
15.00000   0.09772
15.02000   0.09746
15.04000   0.09729
15.06000   0.09718
15.08000   0.09713
15.10000   0.09712
15.12000   0.09716
15.14000   0.09723
15.16000   0.09734
15.18000   0.09749
15.20000   0.09767
15.22000   0.09790
15.24000   0.09817
15.26000   0.09851
15.28000   0.09891
15.30000   0.09940
15.32000   0.10000
15.34000   0.10075
15.36000   0.10166
15.38000   0.10279
15.40000   0.10414
15.42000   0.10568
15.44000   0.10724
15.46000   0.10850
15.48000   0.10908
15.50000   0.10879
15.52000   0.10779
15.54000   0.10647
15.56000   0.10517
15.58000   0.10404
15.60000   0.10314
15.62000   0.10246
15.64000   0.10196
15.66000   0.10159
15.68000   0.10134
15.70000   0.10117
15.72000   0.10106
15.74000   0.10101
15.76000   0.10100
15.78000   0.10102
15.80000   0.10107
15.82000   0.10113
15.84000   0.10122
15.86000   0.10132
15.88000   0.10144
15.90000   0.10156
15.92000   0.10170
15.94000   0.10184
15.96000   0.10200
15.98000   0.10215
16.00000   0.10232
16.02000   0.10249
16.04000   0.10267
16.06000   0.10285
16.08000   0.10304
16.10000   0.10323
16.12000   0.10342
16.14000   0.10362
16.16000   0.10382
16.18000   0.10403
16.20000   0.10424
16.22000   0.10446
16.24000   0.10468
16.26000   0.10490
16.28000   0.10513
16.30000   0.10536
16.32000   0.10559
16.34000   0.10584
16.36000   0.10608
16.38000   0.10633
16.40000   0.10659
16.42000   0.10686
16.44000   0.10714
16.46000   0.10742
16.48000   0.10771
16.50000   0.10800
16.52000   0.10829
16.54000   0.10856
16.56000   0.10881
16.58000   0.10905
16.60000   0.10928
16.62000   0.10953
16.64000   0.10978
16.66000   0.11004
16.68000   0.11031
16.70000   0.11058
16.72000   0.11087
16.74000   0.11116
16.76000   0.11145
16.78000   0.11175
16.80000   0.11206
16.82000   0.11237
16.84000   0.11269
16.86000   0.11301
16.88000   0.11334
16.90000   0.11367
16.92000   0.11401
16.94000   0.11436
16.96000   0.11471
16.98000   0.11507
17.00000   0.11543
17.02000   0.11578
17.04000   0.11613
17.06000   0.11648
17.08000   0.11684
17.10000   0.11720
17.12000   0.11756
17.14000   0.11794
17.16000   0.11832
17.18000   0.11872
17.20000   0.11912
17.22000   0.11953
17.24000   0.11996
17.26000   0.12039
17.28000   0.12083
17.30000   0.12128
17.32000   0.12173
17.34000   0.12218
17.36000   0.12263
17.38000   0.12308
17.40000   0.12354
17.42000   0.12402
17.44000   0.12452
17.46000   0.12503
17.48000   0.12557
17.50000   0.12614
17.52000   0.12674
17.54000   0.12737
17.56000   0.12804
17.58000   0.12877
17.60000   0.12957
17.62000   0.13046
17.64000   0.13145
17.66000   0.13258
17.68000   0.13388
17.70000   0.13539
17.72000   0.13709
17.74000   0.13892
17.76000   0.14068
17.78000   0.14205
17.80000   0.14272
17.82000   0.14263
17.84000   0.14205
17.86000   0.14131
17.88000   0.14067
17.90000   0.14024
17.92000   0.14002
17.94000   0.13999
17.96000   0.14013
17.98000   0.14040
18.00000   0.14078
18.02000   0.14124
18.04000   0.14177
18.06000   0.14235
18.08000   0.14296
18.10000   0.14362
18.12000   0.14434
18.14000   0.14513
18.16000   0.14602
18.18000   0.14701
18.20000   0.14812
18.22000   0.14939
18.24000   0.15085
18.26000   0.15252
18.28000   0.15440
18.30000   0.15643
18.32000   0.15842
18.34000   0.16004
18.36000   0.16096
18.38000   0.16111
18.40000   0.16073
18.42000   0.16018
18.44000   0.15972
18.46000   0.15949
18.48000   0.15949
18.50000   0.15971
18.52000   0.16012
18.54000   0.16070
18.56000   0.16144
18.58000   0.16232
18.60000   0.16334
18.62000   0.16447
18.64000   0.16566
18.66000   0.16683
18.68000   0.16784
18.70000   0.16862
18.72000   0.16921
18.74000   0.16972
18.76000   0.17025
18.78000   0.17086
18.80000   0.17157
18.82000   0.17239
18.84000   0.17329
18.86000   0.17428
18.88000   0.17534
18.90000   0.17648
18.92000   0.17767
18.94000   0.17893
18.96000   0.18025
18.98000   0.18165
19.00000   0.18315
19.02000   0.18478
19.04000   0.18658
19.06000   0.18858
19.08000   0.19084
19.10000   0.19341
19.12000   0.19636
19.14000   0.19971
19.16000   0.20339
19.18000   0.20710
19.20000   0.21031
19.22000   0.21234
19.24000   0.21291
19.26000   0.21231
19.28000   0.21120
19.30000   0.21015
19.32000   0.20944
19.34000   0.20914
19.36000   0.20922
19.38000   0.20961
19.40000   0.21027
19.42000   0.21113
19.44000   0.21216
19.46000   0.21332
19.48000   0.21459
19.50000   0.21595
19.52000   0.21740
19.54000   0.21892
19.56000   0.22050
19.58000   0.22215
19.60000   0.22385
19.62000   0.22560
19.64000   0.22741
19.66000   0.22926
19.68000   0.23117
19.70000   0.23312
19.72000   0.23513
19.74000   0.23719
19.76000   0.23931
19.78000   0.24149
19.80000   0.24374
19.82000   0.24607
19.84000   0.24849
19.86000   0.25100
19.88000   0.25363
19.90000   0.25640
19.92000   0.25932
19.94000   0.26245
19.96000   0.26578
19.98000   0.26932
20.00000   0.27300
20.02000   0.27662
20.04000   0.27990
20.06000   0.28261
20.08000   0.28475
20.10000   0.28658
20.12000   0.28837
20.14000   0.29033
20.16000   0.29250
20.18000   0.29492
20.20000   0.29754
20.22000   0.30035
20.24000   0.30333
20.26000   0.30644
20.28000   0.30970
20.30000   0.31307
20.32000   0.31656
20.34000   0.32017
20.36000   0.32390
20.38000   0.32774
20.40000   0.33171
20.42000   0.33579
20.44000   0.33998
20.46000   0.34427
20.48000   0.34863
20.50000   0.35305
20.52000   0.35754
20.54000   0.36211
20.56000   0.36679
20.58000   0.37160
20.60000   0.37652
20.62000   0.38158
20.64000   0.38677
20.66000   0.39211
20.68000   0.39761
20.70000   0.40328
20.72000   0.40912
20.74000   0.41512
20.76000   0.42131
20.78000   0.42769
20.80000   0.43425
20.82000   0.44101
20.84000   0.44798
20.86000   0.45516
20.88000   0.46256
20.90000   0.47018
20.92000   0.47804
20.94000   0.48617
20.96000   0.49458
20.98000   0.50329
21.00000   0.51234
21.02000   0.52175
21.04000   0.53155
21.06000   0.54175
21.08000   0.55235
21.10000   0.56329
21.12000   0.57444
21.14000   0.58565
21.16000   0.59687
21.18000   0.60821
21.20000   0.61985
21.22000   0.63196
21.24000   0.64463
21.26000   0.65791
21.28000   0.67182
21.30000   0.68637
21.32000   0.70155
21.34000   0.71738
21.36000   0.73383
21.38000   0.75093
21.40000   0.76871
21.42000   0.78725
21.44000   0.80661
21.46000   0.82685
21.48000   0.84803
21.50000   0.87018
21.52000   0.89336
21.54000   0.91763
21.56000   0.94306
21.58000   0.96973
21.60000   0.99775
21.62000   1.02720
21.64000   1.05821
21.66000   1.09087
21.68000   1.12533
21.70000   1.16173
21.72000   1.20023
21.74000   1.24101
21.76000   1.28430
21.78000   1.33031
21.80000   1.37931
21.82000   1.43153
21.84000   1.48715
21.86000   1.54621
21.88000   1.60852
21.90000   1.67390
21.92000   1.74250
21.94000   1.81503
21.96000   1.89252
21.98000   1.97595
22.00000   2.06616
22.02000   2.16390
22.04000   2.26991
22.06000   2.38504
22.08000   2.51026
22.10000   2.64669
22.12000   2.79566
22.14000   2.95870
22.16000   3.13761
22.18000   3.33449
22.20000   3.55182
22.22000   3.79252
22.24000   4.06005
22.26000   4.35852
22.28000   4.69283
22.30000   5.06881
22.32000   5.49342
22.34000   5.97502
22.36000   6.52386
22.38000   7.15296
22.40000   7.87899
22.42000   8.72312
22.44000   9.71205
22.46000  10.87976
22.48000  12.26993
22.50000  13.93944
22.52000  15.96298
22.54000  18.43930
22.56000  21.49923
22.58000  25.31552
22.60000  30.11270
22.62000  36.17130
22.64000  43.81077
22.66000  53.31458
22.68000  64.72745
22.70000  77.44298
22.72000  89.64955
22.74000  98.21499
22.76000 100.00000
22.78000  94.21876
22.80000  83.15831
22.82000  70.24485
22.84000  57.98938
22.86000  47.51081
22.88000  39.00144
22.90000  32.24481
22.92000  26.91478
22.94000  22.70154
22.96000  19.34952
22.98000  16.65979
23.00000  14.48129
23.02000  12.70020
23.04000  11.23072
23.06000  10.00786
23.08000   8.98201
23.10000   8.11506
23.12000   7.37753
23.14000   6.74643
23.16000   6.20362
23.18000   5.73468
23.20000   5.32800
23.22000   4.97420
23.24000   4.66566
23.26000   4.39616
23.28000   4.16058
23.30000   3.95472
23.32000   3.77510
23.34000   3.61886
23.36000   3.48363
23.38000   3.36747
23.40000   3.26881
23.42000   3.18639
23.44000   3.11921
23.46000   3.06653
23.48000   3.02777
23.50000   3.00251
23.52000   2.99036
23.54000   2.99098
23.56000   3.00429
23.58000   3.03070
23.60000   3.07123
23.62000   3.12725
23.64000   3.20031
23.66000   3.29215
23.68000   3.40481
23.70000   3.54085
23.72000   3.70340
23.74000   3.89642
23.76000   4.12481
23.78000   4.39466
23.80000   4.71360
23.82000   5.09133
23.84000   5.54040
23.86000   6.07707
23.88000   6.72243
23.90000   7.50389
23.92000   8.45742
23.94000   9.63051
23.96000  11.08612
23.98000  12.90742
24.00000  15.20261
24.02000  18.10713
24.04000  21.77582
24.06000  26.34767
24.08000  31.84959
24.10000  37.99921
24.12000  43.93551
24.14000  48.15091
24.16000  49.10712
24.18000  46.38153
24.20000  41.05259
24.22000  34.78363
24.24000  28.81090
24.26000  23.69312
24.28000  19.53198
24.30000  16.22547
24.32000  13.61579
24.34000  11.55212
24.36000   9.90975
24.38000   8.59148
24.40000   7.52347
24.42000   6.64999
24.44000   5.92898
24.46000   5.32849
24.48000   4.82419
24.50000   4.39752
24.52000   4.03424
24.54000   3.72327
24.56000   3.45581
24.58000   3.22483
24.60000   3.02467
24.62000   2.85073
24.64000   2.69929
24.66000   2.56724
24.68000   2.45198
24.70000   2.35131
24.72000   2.26333
24.74000   2.18657
24.76000   2.11993
24.78000   2.06257
24.80000   2.01372
24.82000   1.97265
24.84000   1.93875
24.86000   1.91156
24.88000   1.89083
24.90000   1.87638
24.92000   1.86808
24.94000   1.86584
24.96000   1.86961
24.98000   1.87937
25.00000   1.89510
25.02000   1.91669
25.04000   1.94403
25.06000   1.97712
25.08000   2.01629
25.10000   2.06214
25.12000   2.11537
25.14000   2.17667
25.16000   2.24682
25.18000   2.32678
25.20000   2.41765
25.22000   2.52068
25.24000   2.63729
25.26000   2.76917
25.28000   2.91832
25.30000   3.08712
25.32000   3.27845
25.34000   3.49579
25.36000   3.74334
25.38000   4.02626
25.40000   4.35085
25.42000   4.72491
25.44000   5.15814
25.46000   5.66273
25.48000   6.25405
25.50000   6.95177
25.52000   7.78115
25.54000   8.77502
25.56000   9.97632
25.58000  11.44168
25.60000  13.24607
25.62000  15.48879
25.64000  18.30023
25.66000  21.84740
25.68000  26.33203
25.70000  31.96537
25.72000  38.88543
25.74000  46.96144
25.76000  55.45493
25.78000  62.71240
25.80000  66.47045
25.82000  65.20468
25.84000  59.42518
25.86000  51.22227
25.88000  42.69352
25.90000  35.05340
25.92000  28.70548
25.94000  23.61524
25.96000  19.58851
25.98000  16.40821
26.00000  13.88448
26.02000  11.86585
26.04000  10.23609
26.06000   8.90732
26.08000   7.81338
26.10000   6.90426
26.12000   6.14191
26.14000   5.49724
26.16000   4.94781
26.18000   4.47621
26.20000   4.06874
26.22000   3.71452
26.24000   3.40484
26.26000   3.13266
26.28000   2.89223
26.30000   2.67884
26.32000   2.48859
26.34000   2.31826
26.36000   2.16515
26.38000   2.02705
26.40000   1.90209
26.42000   1.78868
26.44000   1.68548
26.46000   1.59130
26.48000   1.50516
26.50000   1.42617
26.52000   1.35361
26.54000   1.28681
26.56000   1.22521
26.58000   1.16831
26.60000   1.11561
26.62000   1.06663
26.64000   1.02089
26.66000   0.97798
26.68000   0.93766
26.70000   0.89983
26.72000   0.86441
26.74000   0.83128
26.76000   0.80030
26.78000   0.77128
26.80000   0.74403
26.82000   0.71835
26.84000   0.69407
26.86000   0.67112
26.88000   0.64949
26.90000   0.62920
26.92000   0.61024
26.94000   0.59252
26.96000   0.57593
26.98000   0.56031
27.00000   0.54538
27.02000   0.53071
27.04000   0.51592
27.06000   0.50095
27.08000   0.48606
27.10000   0.47162
27.12000   0.45788
27.14000   0.44492
27.16000   0.43272
27.18000   0.42122
27.20000   0.41035
27.22000   0.40005
27.24000   0.39027
27.26000   0.38097
27.28000   0.37211
27.30000   0.36367
27.32000   0.35562
27.34000   0.34796
27.36000   0.34066
27.38000   0.33372
27.40000   0.32710
27.42000   0.32076
27.44000   0.31467
27.46000   0.30882
27.48000   0.30324
27.50000   0.29797
27.52000   0.29301
27.54000   0.28832
27.56000   0.28378
27.58000   0.27929
27.60000   0.27478
27.62000   0.27017
27.64000   0.26531
27.66000   0.26019
27.68000   0.25490
27.70000   0.24965
27.72000   0.24460
27.74000   0.23983
27.76000   0.23533
27.78000   0.23109
27.80000   0.22707
27.82000   0.22325
27.84000   0.21961
27.86000   0.21612
27.88000   0.21278
27.90000   0.20957
27.92000   0.20648
27.94000   0.20352
27.96000   0.20067
27.98000   0.19793
28.00000   0.19531
28.02000   0.19281
28.04000   0.19043
28.06000   0.18819
28.08000   0.18610
28.10000   0.18417
28.12000   0.18239
28.14000   0.18078
28.16000   0.17928
28.18000   0.17787
28.20000   0.17643
28.22000   0.17479
28.24000   0.17281
28.26000   0.17044
28.28000   0.16783
28.30000   0.16518
28.32000   0.16264
28.34000   0.16027
28.36000   0.15807
28.38000   0.15603
28.40000   0.15413
28.42000   0.15235
28.44000   0.15068
28.46000   0.14910
28.48000   0.14761
28.50000   0.14620
28.52000   0.14485
28.54000   0.14355
28.56000   0.14228
28.58000   0.14103
28.60000   0.13983
28.62000   0.13871
28.64000   0.13767
28.66000   0.13673
28.68000   0.13591
28.70000   0.13521
28.72000   0.13463
28.74000   0.13416
28.76000   0.13381
28.78000   0.13357
28.80000   0.13339
28.82000   0.13314
28.84000   0.13267
28.86000   0.13190
28.88000   0.13092
28.90000   0.12993
28.92000   0.12914
28.94000   0.12864
28.96000   0.12849
28.98000   0.12861
29.00000   0.12884
29.02000   0.12890
29.04000   0.12852
29.06000   0.12766
29.08000   0.12655
29.10000   0.12552
29.12000   0.12479
29.14000   0.12443
29.16000   0.12433
29.18000   0.12422
29.20000   0.12379
29.22000   0.12288
29.24000   0.12160
29.26000   0.12024
29.28000   0.11902
29.30000   0.11801
29.32000   0.11715
29.34000   0.11634
29.36000   0.11551
29.38000   0.11458
29.40000   0.11349
29.42000   0.11224
29.44000   0.11096
29.46000   0.10976
29.48000   0.10872
29.50000   0.10789
29.52000   0.10725
29.54000   0.10679
29.56000   0.10645
29.58000   0.10616
29.60000   0.10585
29.62000   0.10547
29.64000   0.10503
29.66000   0.10459
29.68000   0.10420
29.70000   0.10390
29.72000   0.10369
29.74000   0.10360
29.76000   0.10367
29.78000   0.10394
29.80000   0.10443
29.82000   0.10517
29.84000   0.10615
29.86000   0.10728
29.88000   0.10845
29.90000   0.10951
29.92000   0.11027
29.94000   0.11052
29.96000   0.11003
29.98000   0.10881
30.00000   0.10712
30.02000   0.10533
30.04000   0.10370
30.06000   0.10234
30.08000   0.10123
30.10000   0.10036
30.12000   0.09969
30.14000   0.09917
30.16000   0.09877
30.18000   0.09849
30.20000   0.09829
30.22000   0.09816
30.24000   0.09810
30.26000   0.09811
30.28000   0.09817
30.30000   0.09830
30.32000   0.09851
30.34000   0.09880
30.36000   0.09918
30.38000   0.09963
30.40000   0.10011
30.42000   0.10052
30.44000   0.10075
30.46000   0.10077
30.48000   0.10063
30.50000   0.10043
30.52000   0.10026
30.54000   0.10017
30.56000   0.10016
30.58000   0.10023
30.60000   0.10038
30.62000   0.10059
30.64000   0.10087
30.66000   0.10120
30.68000   0.10158
30.70000   0.10203
30.72000   0.10255
30.74000   0.10313
30.76000   0.10380
30.78000   0.10457
30.80000   0.10542
30.82000   0.10636
30.84000   0.10731
30.86000   0.10818
30.88000   0.10890
30.90000   0.10947
30.92000   0.10998
30.94000   0.11055
30.96000   0.11127
30.98000   0.11216
31.00000   0.11320
31.02000   0.11430
31.04000   0.11532
31.06000   0.11611
31.08000   0.11666
31.10000   0.11704
31.12000   0.11743
31.14000   0.11793
31.16000   0.11860
31.18000   0.11947
31.20000   0.12052
31.22000   0.12171
31.24000   0.12296
31.26000   0.12422
31.28000   0.12545
31.30000   0.12667
31.32000   0.12787
31.34000   0.12903
31.36000   0.13010
31.38000   0.13115
31.40000   0.13225
31.42000   0.13350
31.44000   0.13497
31.46000   0.13667
31.48000   0.13860
31.50000   0.14072
31.52000   0.14298
31.54000   0.14529
31.56000   0.14752
31.58000   0.14953
31.60000   0.15120
31.62000   0.15257
31.64000   0.15384
31.66000   0.15521
31.68000   0.15681
31.70000   0.15870
31.72000   0.16088
31.74000   0.16333
31.76000   0.16600
31.78000   0.16883
31.80000   0.17178
31.82000   0.17483
31.84000   0.17799
31.86000   0.18124
31.88000   0.18453
31.90000   0.18783
31.92000   0.19122
31.94000   0.19479
31.96000   0.19862
31.98000   0.20281
32.00000   0.20746
32.02000   0.21265
32.04000   0.21840
32.06000   0.22464
32.08000   0.23109
32.10000   0.23726
32.12000   0.24264
32.14000   0.24707
32.16000   0.25090
32.18000   0.25469
32.20000   0.25888
32.22000   0.26368
32.24000   0.26914
32.26000   0.27527
32.28000   0.28204
32.30000   0.28944
32.32000   0.29744
32.34000   0.30608
32.36000   0.31536
32.38000   0.32532
32.40000   0.33599
32.42000   0.34741
32.44000   0.35960
32.46000   0.37258
32.48000   0.38639
32.50000   0.40114
32.52000   0.41692
32.54000   0.43379
32.56000   0.45171
32.58000   0.47063
32.60000   0.49058
32.62000   0.51164
32.64000   0.53391
32.66000   0.55748
32.68000   0.58261
32.70000   0.60968
32.72000   0.63914
32.74000   0.67139
32.76000   0.70678
32.78000   0.74566
32.80000   0.78841
32.82000   0.83549
32.84000   0.88741
32.86000   0.94481
32.88000   1.00843
32.90000   1.07915
32.92000   1.15804
32.94000   1.24637
32.96000   1.34565
32.98000   1.45775
33.00000   1.58490
33.02000   1.72987
33.04000   1.89605
33.06000   2.08767
33.08000   2.30997
33.10000   2.56957
33.12000   2.87483
33.14000   3.23645
33.16000   3.66846
33.18000   4.18942
33.20000   4.82401
33.22000   5.60486
33.24000   6.57507
33.26000   7.79111
33.28000   9.32525
33.30000  11.26472
33.32000  13.70065
33.34000  16.69202
33.36000  20.18057
33.38000  23.84403
33.40000  26.96493
33.42000  28.56734
33.44000  28.00262
33.46000  25.50162
33.48000  21.96854
33.50000  18.30303
33.52000  15.02309
33.54000  12.29943
33.56000  10.11602
33.58000   8.38908
33.60000   7.02529
33.62000   5.94312
33.64000   5.07750
33.66000   4.37850
33.68000   3.80848
33.70000   3.33924
33.72000   2.94956
33.74000   2.62335
33.76000   2.34822
33.78000   2.11451
33.80000   1.91448
33.82000   1.74178
33.84000   1.59110
33.86000   1.45831
33.88000   1.34053
33.90000   1.23584
33.92000   1.14276
33.94000   1.05993
33.96000   0.98608
33.98000   0.92005
34.00000   0.86082
34.02000   0.80755
34.04000   0.75950
34.06000   0.71605
34.08000   0.67662
34.10000   0.64065
34.12000   0.60764
34.14000   0.57711
34.16000   0.54862
34.18000   0.52191
34.20000   0.49689
34.22000   0.47359
34.24000   0.45199
34.26000   0.43201
34.28000   0.41351
34.30000   0.39636
34.32000   0.38045
34.34000   0.36564
34.36000   0.35185
34.38000   0.33898
34.40000   0.32695
34.42000   0.31570
34.44000   0.30515
34.46000   0.29527
34.48000   0.28604
34.50000   0.27742
34.52000   0.26940
34.54000   0.26197
34.56000   0.25512
34.58000   0.24881
34.60000   0.24295
34.62000   0.23737
34.64000   0.23179
34.66000   0.22603
34.68000   0.22006
34.70000   0.21408
34.72000   0.20830
34.74000   0.20286
34.76000   0.19780
34.78000   0.19313
34.80000   0.18883
34.82000   0.18487
34.84000   0.18123
34.86000   0.17787
34.88000   0.17475
34.90000   0.17178
34.92000   0.16889
34.94000   0.16606
34.96000   0.16329
34.98000   0.16062
35.00000   0.15812
35.02000   0.15581
35.04000   0.15372
35.06000   0.15181
35.08000   0.15001
35.10000   0.14820
35.12000   0.14629
35.14000   0.14418
35.16000   0.14185
35.18000   0.13942
35.20000   0.13704
35.22000   0.13483
35.24000   0.13283
35.26000   0.13105
35.28000   0.12949
35.30000   0.12812
35.32000   0.12694
35.34000   0.12595
35.36000   0.12515
35.38000   0.12457
35.40000   0.12422
35.42000   0.12408
35.44000   0.12410
35.46000   0.12426
35.48000   0.12457
35.50000   0.12516
35.52000   0.12621
35.54000   0.12780
35.56000   0.12987
35.58000   0.13204
35.60000   0.13358
35.62000   0.13368
35.64000   0.13203
35.66000   0.12911
35.68000   0.12576
35.70000   0.12269
35.72000   0.12021
35.74000   0.11840
35.76000   0.11715
35.78000   0.11625
35.80000   0.11549
35.82000   0.11471
35.84000   0.11390
35.86000   0.11305
35.88000   0.11210
35.90000   0.11108
35.92000   0.11011
35.94000   0.10934
35.96000   0.10889
35.98000   0.10874
36.00000   0.10873
36.02000   0.10860
36.04000   0.10806
36.06000   0.10702
36.08000   0.10566
36.10000   0.10424
36.12000   0.10295
36.14000   0.10187
36.16000   0.10101
36.18000   0.10035
36.20000   0.09987
36.22000   0.09955
36.24000   0.09936
36.26000   0.09930
36.28000   0.09936
36.30000   0.09956
36.32000   0.09989
36.34000   0.10039
36.36000   0.10105
36.38000   0.10189
36.40000   0.10293
36.42000   0.10418
36.44000   0.10567
36.46000   0.10740
36.48000   0.10929
36.50000   0.11114
36.52000   0.11268
36.54000   0.11369
36.56000   0.11391
36.58000   0.11325
36.60000   0.11188
36.62000   0.11020
36.64000   0.10857
36.66000   0.10721
36.68000   0.10621
36.70000   0.10553
36.72000   0.10516
36.74000   0.10503
36.76000   0.10513
36.78000   0.10543
36.80000   0.10590
36.82000   0.10655
36.84000   0.10735
36.86000   0.10827
36.88000   0.10928
36.90000   0.11040
36.92000   0.11166
36.94000   0.11309
36.96000   0.11472
36.98000   0.11651
37.00000   0.11849
37.02000   0.12065
37.04000   0.12297
37.06000   0.12547
37.08000   0.12829
37.10000   0.13170
37.12000   0.13590
37.14000   0.14088
37.16000   0.14616
37.18000   0.15068
37.20000   0.15306
37.22000   0.15252
37.24000   0.14952
37.26000   0.14534
37.28000   0.14118
37.30000   0.13771
37.32000   0.13511
37.34000   0.13337
37.36000   0.13239
37.38000   0.13204
37.40000   0.13223
37.42000   0.13286
37.44000   0.13382
37.46000   0.13493
37.48000   0.13598
37.50000   0.13678
37.52000   0.13734
37.54000   0.13782
37.56000   0.13842
37.58000   0.13926
37.60000   0.14037
37.62000   0.14169
37.64000   0.14310
37.66000   0.14444
37.68000   0.14562
37.70000   0.14668
37.72000   0.14772
37.74000   0.14887
37.76000   0.15018
37.78000   0.15169
37.80000   0.15343
37.82000   0.15542
37.84000   0.15765
37.86000   0.16010
37.88000   0.16272
37.90000   0.16539
37.92000   0.16798
37.94000   0.17030
37.96000   0.17227
37.98000   0.17396
38.00000   0.17556
38.02000   0.17727
38.04000   0.17920
38.06000   0.18138
38.08000   0.18383
38.10000   0.18655
38.12000   0.18952
38.14000   0.19276
38.16000   0.19628
38.18000   0.20008
38.20000   0.20412
38.22000   0.20836
38.24000   0.21268
38.26000   0.21703
38.28000   0.22140
38.30000   0.22584
38.32000   0.23032
38.34000   0.23472
38.36000   0.23894
38.38000   0.24300
38.40000   0.24699
38.42000   0.25100
38.44000   0.25510
38.46000   0.25943
38.48000   0.26406
38.50000   0.26907
38.52000   0.27445
38.54000   0.28023
38.56000   0.28637
38.58000   0.29289
38.60000   0.29977
38.62000   0.30703
38.64000   0.31467
38.66000   0.32272
38.68000   0.33118
38.70000   0.34009
38.72000   0.34947
38.74000   0.35935
38.76000   0.36977
38.78000   0.38076
38.80000   0.39235
38.82000   0.40455
38.84000   0.41738
38.86000   0.43087
38.88000   0.44510
38.90000   0.46020
38.92000   0.47628
38.94000   0.49343
38.96000   0.51167
38.98000   0.53094
39.00000   0.55111
39.02000   0.57207
39.04000   0.59393
39.06000   0.61693
39.08000   0.64137
39.10000   0.66750
39.12000   0.69556
39.14000   0.72579
39.16000   0.75844
39.18000   0.79373
39.20000   0.83187
39.22000   0.87306
39.24000   0.91757
39.26000   0.96577
39.28000   1.01814
39.30000   1.07527
39.32000   1.13779
39.34000   1.20640
39.36000   1.28187
39.38000   1.36509
39.40000   1.45702
39.42000   1.55871
39.44000   1.67135
39.46000   1.79647
39.48000   1.93611
39.50000   2.09296
39.52000   2.27025
39.54000   2.47179
39.56000   2.70208
39.58000   2.96662
39.60000   3.27229
39.62000   3.62778
39.64000   4.04408
39.66000   4.53520
39.68000   5.11904
39.70000   5.81874
39.72000   6.66468
39.74000   7.69732
39.76000   8.97082
39.78000  10.55710
39.80000  12.54996
39.82000  15.06777
39.84000  18.24899
39.86000  22.22704
39.88000  27.05689
39.90000  32.55566
39.92000  38.06146
39.94000  42.30412
39.96000  43.82181
39.98000  41.97474
40.00000  37.51490
40.02000  31.92830
40.04000  26.44212
40.06000  21.66771
40.08000  17.75600
40.10000  14.63727
40.12000  12.17311
40.14000  10.22457
40.16000   8.67467
40.18000   7.43151
40.20000   6.42498
40.22000   5.60215
40.24000   4.92314
40.26000   4.35778
40.28000   3.88309
40.30000   3.48145
40.32000   3.13922
40.34000   2.84571
40.36000   2.59244
40.38000   2.37253
40.40000   2.18031
40.42000   2.01106
40.44000   1.86084
40.46000   1.72655
40.48000   1.60606
40.50000   1.49789
40.52000   1.40085
40.54000   1.31371
40.56000   1.23519
40.58000   1.16401
40.60000   1.09904
40.62000   1.03953
40.64000   0.98508
40.66000   0.93542
40.68000   0.89026
40.70000   0.84912
40.72000   0.81139
40.74000   0.77632
40.76000   0.74330
40.78000   0.71211
40.80000   0.68285
40.82000   0.65568
40.84000   0.63060
40.86000   0.60747
40.88000   0.58607
40.90000   0.56625
40.92000   0.54793
40.94000   0.53107
40.96000   0.51552
40.98000   0.50107
41.00000   0.48746
41.02000   0.47447
41.04000   0.46206
41.06000   0.45040
41.08000   0.43972
41.10000   0.43017
41.12000   0.42164
41.14000   0.41379
41.16000   0.40603
41.18000   0.39780
41.20000   0.38895
41.22000   0.37985
41.24000   0.37102
41.26000   0.36286
41.28000   0.35552
41.30000   0.34901
41.32000   0.34329
41.34000   0.33828
41.36000   0.33386
41.38000   0.32987
41.40000   0.32614
41.42000   0.32247
41.44000   0.31873
41.46000   0.31489
41.48000   0.31108
41.50000   0.30748
41.52000   0.30421
41.54000   0.30134
41.56000   0.29886
41.58000   0.29676
41.60000   0.29500
41.62000   0.29357
41.64000   0.29244
41.66000   0.29162
41.68000   0.29108
41.70000   0.29084
41.72000   0.29090
41.74000   0.29126
41.76000   0.29191
41.78000   0.29280
41.80000   0.29386
41.82000   0.29502
41.84000   0.29621
41.86000   0.29738
41.88000   0.29858
41.90000   0.29988
41.92000   0.30141
41.94000   0.30323
41.96000   0.30540
41.98000   0.30792
42.00000   0.31081
42.02000   0.31408
42.04000   0.31774
42.06000   0.32181
42.08000   0.32628
42.10000   0.33113
42.12000   0.33632
42.14000   0.34182
42.16000   0.34765
42.18000   0.35393
42.20000   0.36081
42.22000   0.36835
42.24000   0.37644
42.26000   0.38478
42.28000   0.39293
42.30000   0.40056
42.32000   0.40775
42.34000   0.41492
42.36000   0.42257
42.38000   0.43101
42.40000   0.44037
42.42000   0.45065
42.44000   0.46184
42.46000   0.47394
42.48000   0.48698
42.50000   0.50100
42.52000   0.51608
42.54000   0.53231
42.56000   0.54981
42.58000   0.56867
42.60000   0.58898
42.62000   0.61077
42.64000   0.63404
42.66000   0.65882
42.68000   0.68512
42.70000   0.71311
42.72000   0.74308
42.74000   0.77546
42.76000   0.81067
42.78000   0.84904
42.80000   0.89077
42.82000   0.93596
42.84000   0.98466
42.86000   1.03716
42.88000   1.09409
42.90000   1.15628
42.92000   1.22467
42.94000   1.30025
42.96000   1.38410
42.98000   1.47744
43.00000   1.58157
43.02000   1.69793
43.04000   1.82817
43.06000   1.97439
43.08000   2.13933
43.10000   2.32648
43.12000   2.54017
43.14000   2.78576
43.16000   3.06984
43.18000   3.40058
43.20000   3.78830
43.22000   4.24616
43.24000   4.79113
43.26000   5.44532
43.28000   6.23778
43.30000   7.20686
43.32000   8.40340
43.34000   9.89466
43.36000  11.76842
43.38000  14.13558
43.40000  17.12553
43.42000  20.86147
43.44000  25.38943
43.46000  30.52607
43.48000  35.63306
43.50000  39.50836
43.52000  40.80145
43.54000  38.96503
43.56000  34.74440
43.58000  29.52873
43.60000  24.43959
43.62000  20.02497
43.64000  16.41355
43.66000  13.53606
43.68000  11.26289
43.70000   9.46522
43.72000   8.03484
43.74000   6.88691
43.76000   5.95685
43.78000   5.19600
43.80000   4.56769
43.82000   4.04414
43.84000   3.60415
43.86000   3.23139
43.88000   2.91317
43.90000   2.63957
43.92000   2.40281
43.94000   2.19677
43.96000   2.01660
43.98000   1.85839
44.00000   1.71886
44.02000   1.59524
44.04000   1.48510
44.06000   1.38636
44.08000   1.29745
44.10000   1.21724
44.12000   1.14483
44.14000   1.07929
44.16000   1.01959
44.18000   0.96478
44.20000   0.91424
44.22000   0.86769
44.24000   0.82498
44.26000   0.78580
44.28000   0.74964
44.30000   0.71595
44.32000   0.68427
44.34000   0.65446
44.36000   0.62661
44.38000   0.60081
44.40000   0.57702
44.42000   0.55506
44.44000   0.53464
44.46000   0.51547
44.48000   0.49740
44.50000   0.48039
44.52000   0.46449
44.54000   0.44969
44.56000   0.43592
44.58000   0.42306
44.60000   0.41104
44.62000   0.39980
44.64000   0.38926
44.66000   0.37929
44.68000   0.36974
44.70000   0.36047
44.72000   0.35142
44.74000   0.34265
44.76000   0.33428
44.78000   0.32640
44.80000   0.31906
44.82000   0.31225
44.84000   0.30592
44.86000   0.30006
44.88000   0.29462
44.90000   0.28959
44.92000   0.28494
44.94000   0.28067
44.96000   0.27676
44.98000   0.27321
45.00000   0.27002
45.02000   0.26717
45.04000   0.26461
45.06000   0.26224
45.08000   0.25994
45.10000   0.25758
45.12000   0.25513
45.14000   0.25267
45.16000   0.25035
45.18000   0.24829
45.20000   0.24653
45.22000   0.24510
45.24000   0.24399
45.26000   0.24318
45.28000   0.24266
45.30000   0.24240
45.32000   0.24241
45.34000   0.24269
45.36000   0.24330
45.38000   0.24429
45.40000   0.24571
45.42000   0.24758
45.44000   0.24990
45.46000   0.25251
45.48000   0.25515
45.50000   0.25751
45.52000   0.25943
45.54000   0.26107
45.56000   0.26279
45.58000   0.26488
45.60000   0.26742
45.62000   0.27032
45.64000   0.27338
45.66000   0.27655
45.68000   0.27994
45.70000   0.28375
45.72000   0.28810
45.74000   0.29304
45.76000   0.29856
45.78000   0.30470
45.80000   0.31154
45.82000   0.31916
45.84000   0.32762
45.86000   0.33692
45.88000   0.34706
45.90000   0.35810
45.92000   0.37020
45.94000   0.38360
45.96000   0.39850
45.98000   0.41510
46.00000   0.43352
46.02000   0.45387
46.04000   0.47640
46.06000   0.50153
46.08000   0.52987
46.10000   0.56217
46.12000   0.59926
46.14000   0.64211
46.16000   0.69192
46.18000   0.75023
46.20000   0.81901
46.22000   0.90083
46.24000   0.99907
46.26000   1.11823
46.28000   1.26421
46.30000   1.44485
46.32000   1.67032
46.34000   1.95336
46.36000   2.30852
46.38000   2.74882
46.40000   3.27676
46.42000   3.86577
46.44000   4.43513
46.46000   4.84410
46.48000   4.95027
46.50000   4.71610
46.52000   4.24320
46.54000   3.68614
46.56000   3.15921
46.58000   2.71391
46.60000   2.35960
46.62000   2.08695
46.64000   1.88163
46.66000   1.73007
46.68000   1.62135
46.70000   1.54728
46.72000   1.50191
46.74000   1.48106
46.76000   1.48192
46.78000   1.50276
46.80000   1.54282
46.82000   1.60216
46.84000   1.68160
46.86000   1.78273
46.88000   1.90796
46.90000   2.06065
46.92000   2.24551
46.94000   2.46905
46.96000   2.73996
46.98000   3.06960
47.00000   3.47278
47.02000   3.96894
47.04000   4.58404
47.06000   5.35283
47.08000   6.32117
47.10000   7.54724
47.12000   9.09906
47.14000  11.04196
47.16000  13.40260
47.18000  16.09087
47.20000  18.78202
47.22000  20.85369
47.24000  21.59084
47.26000  20.68203
47.28000  18.49673
47.30000  15.76220
47.32000  13.07810
47.34000  10.74285
47.36000   8.83001
47.38000   7.30542
47.40000   6.10146
47.42000   5.15020
47.44000   4.39445
47.46000   3.78926
47.48000   3.30040
47.50000   2.90204
47.52000   2.57469
47.54000   2.30360
47.56000   2.07753
47.58000   1.88784
47.60000   1.72784
47.62000   1.59229
47.64000   1.47718
47.66000   1.37942
47.68000   1.29671
47.70000   1.22728
47.72000   1.16975
47.74000   1.12307
47.76000   1.08640
47.78000   1.05917
47.80000   1.04113
47.82000   1.03239
47.84000   1.03344
47.86000   1.04516
47.88000   1.06882
47.90000   1.10615
47.92000   1.15957
47.94000   1.23234
47.96000   1.32894
47.98000   1.45539
48.00000   1.61973
48.02000   1.83261
48.04000   2.10759
48.06000   2.46078
48.08000   2.90820
48.10000   3.45773
48.12000   4.09139
48.14000   4.73716
48.16000   5.25052
48.18000   5.45582
48.20000   5.26313
48.22000   4.74733
48.24000   4.08186
48.26000   3.41814
48.28000   2.83514
48.30000   2.35457
48.32000   1.96969
48.34000   1.66440
48.36000   1.42208
48.38000   1.22855
48.40000   1.07263
48.42000   0.94578
48.44000   0.84154
48.46000   0.75500
48.48000   0.68244
48.50000   0.62096
48.52000   0.56833
48.54000   0.52280
48.56000   0.48309
48.58000   0.44822
48.60000   0.41750
48.62000   0.39035
48.64000   0.36625
48.66000   0.34477
48.68000   0.32550
48.70000   0.30815
48.72000   0.29247
48.74000   0.27829
48.76000   0.26546
48.78000   0.25386
48.80000   0.24339
48.82000   0.23396
48.84000   0.22546
48.86000   0.21777
48.88000   0.21070
48.90000   0.20401
48.92000   0.19752
48.94000   0.19123
48.96000   0.18529
48.98000   0.17984
49.00000   0.17490
49.02000   0.17033
49.04000   0.16584
49.06000   0.16122
49.08000   0.15645
49.10000   0.15172
49.12000   0.14723
49.14000   0.14307
49.16000   0.13922
49.18000   0.13567
49.20000   0.13244
49.22000   0.12957
49.24000   0.12710
49.26000   0.12502
49.28000   0.12335
49.30000   0.12211
49.32000   0.12141
49.34000   0.12139
49.36000   0.12219
49.38000   0.12394
49.40000   0.12669
49.42000   0.13020
49.44000   0.13374
49.46000   0.13600
49.48000   0.13554
49.50000   0.13187
49.52000   0.12588
49.54000   0.11905
49.56000   0.11250
49.58000   0.10671
49.60000   0.10170
49.62000   0.09733
49.64000   0.09347
49.66000   0.09005
49.68000   0.08702
49.70000   0.08437
49.72000   0.08207
49.74000   0.08008
49.76000   0.07838
49.78000   0.07692
49.80000   0.07566
49.82000   0.07454
49.84000   0.07349
49.86000   0.07247
49.88000   0.07151
49.90000   0.07065
49.92000   0.06992
49.94000   0.06930
49.96000   0.06876
49.98000   0.06827
50.00000   0.06789
50.02000   0.06771
50.04000   0.06781
50.06000   0.06826
50.08000   0.06906
50.10000   0.07008
50.12000   0.07100
50.14000   0.07143
50.16000   0.07105
50.18000   0.06997
50.20000   0.06855
50.22000   0.06712
50.24000   0.06577
50.26000   0.06448
50.28000   0.06323
50.30000   0.06209
50.32000   0.06110
50.34000   0.06026
50.36000   0.05948
50.38000   0.05868
50.40000   0.05787
50.42000   0.05715
50.44000   0.05662
50.46000   0.05633
50.48000   0.05618
50.50000   0.05600
50.52000   0.05563
50.54000   0.05500
50.56000   0.05414
50.58000   0.05312
50.60000   0.05204
50.62000   0.05103
50.64000   0.05017
50.66000   0.04950
50.68000   0.04896
50.70000   0.04848
50.72000   0.04798
50.74000   0.04742
50.76000   0.04680
50.78000   0.04620
50.80000   0.04569
50.82000   0.04532
50.84000   0.04513
50.86000   0.04514
50.88000   0.04535
50.90000   0.04575
50.92000   0.04632
50.94000   0.04697
50.96000   0.04757
50.98000   0.04801
51.00000   0.04825
51.02000   0.04837
51.04000   0.04841
51.06000   0.04831
51.08000   0.04795
51.10000   0.04727
51.12000   0.04629
51.14000   0.04519
51.16000   0.04413
51.18000   0.04325
51.20000   0.04260
51.22000   0.04217
51.24000   0.04195
51.26000   0.04194
51.28000   0.04211
51.30000   0.04243
51.32000   0.04285
51.34000   0.04335
51.36000   0.04392
51.38000   0.04456
51.40000   0.04526
51.42000   0.04595
51.44000   0.04653
51.46000   0.04693
51.48000   0.04715
51.50000   0.04731
51.52000   0.04756
51.54000   0.04793
51.56000   0.04827
51.58000   0.04829
51.60000   0.04782
51.62000   0.04694
51.64000   0.04591
51.66000   0.04498
51.68000   0.04429
51.70000   0.04387
51.72000   0.04369
51.74000   0.04369
51.76000   0.04377
51.78000   0.04386
51.80000   0.04391
51.82000   0.04391
51.84000   0.04391
51.86000   0.04398
51.88000   0.04417
51.90000   0.04447
51.92000   0.04485
51.94000   0.04527
51.96000   0.04568
51.98000   0.04609
52.00000   0.04651
52.02000   0.04697
52.04000   0.04751
52.06000   0.04818
52.08000   0.04898
52.10000   0.04992
52.12000   0.05098
52.14000   0.05208
52.16000   0.05315
52.18000   0.05417
52.20000   0.05517
52.22000   0.05624
52.24000   0.05745
52.26000   0.05885
52.28000   0.06045
52.30000   0.06226
52.32000   0.06431
52.34000   0.06659
52.36000   0.06913
52.38000   0.07193
52.40000   0.07500
52.42000   0.07838
52.44000   0.08211
52.46000   0.08625
52.48000   0.09079
52.50000   0.09570
52.52000   0.10095
52.54000   0.10660
52.56000   0.11278
52.58000   0.11973
52.60000   0.12765
52.62000   0.13676
52.64000   0.14726
52.66000   0.15939
52.68000   0.17345
52.70000   0.18981
52.72000   0.20893
52.74000   0.23143
52.76000   0.25812
52.78000   0.29000
52.80000   0.32841
52.82000   0.37506
52.84000   0.43225
52.86000   0.50307
52.88000   0.59159
52.90000   0.70312
52.92000   0.84422
52.94000   1.02212
52.96000   1.24260
52.98000   1.50470
53.00000   1.79043
53.02000   2.05291
53.04000   2.21860
53.06000   2.22408
53.08000   2.06670
53.10000   1.80712
53.12000   1.52002
53.14000   1.25468
53.16000   1.03071
53.18000   0.84972
53.20000   0.70604
53.22000   0.59242
53.24000   0.50227
53.26000   0.43027
53.28000   0.37231
53.30000   0.32521
53.32000   0.28657
53.34000   0.25451
53.36000   0.22764
53.38000   0.20493
53.40000   0.18562
53.42000   0.16909
53.44000   0.15486
53.46000   0.14251
53.48000   0.13174
53.50000   0.12228
53.52000   0.11391
53.54000   0.10642
53.56000   0.09965
53.58000   0.09349
53.60000   0.08789
53.62000   0.08283
53.64000   0.07828
53.66000   0.07421
53.68000   0.07056
53.70000   0.06728
53.72000   0.06432
53.74000   0.06162
53.76000   0.05915
53.78000   0.05687
53.80000   0.05480
53.82000   0.05291
53.84000   0.05119
53.86000   0.04958
53.88000   0.04805
53.90000   0.04656
53.92000   0.04511
53.94000   0.04372
53.96000   0.04243
53.98000   0.04126
54.00000   0.04022
54.02000   0.03932
54.04000   0.03855
54.06000   0.03788
54.08000   0.03730
54.10000   0.03676
54.12000   0.03625
54.14000   0.03575
54.16000   0.03529
54.18000   0.03489
54.20000   0.03455
54.22000   0.03421
54.24000   0.03378
54.26000   0.03318
54.28000   0.03242
54.30000   0.03160
54.32000   0.03080
54.34000   0.03010
54.36000   0.02951
54.38000   0.02904
54.40000   0.02867
54.42000   0.02840
54.44000   0.02824
54.46000   0.02818
54.48000   0.02822
54.50000   0.02835
54.52000   0.02854
54.54000   0.02876
54.56000   0.02896
54.58000   0.02908
54.60000   0.02914
54.62000   0.02918
54.64000   0.02928
54.66000   0.02951
54.68000   0.02982
54.70000   0.03005
54.72000   0.03002
54.74000   0.02964
54.76000   0.02902
54.78000   0.02837
54.80000   0.02785
54.82000   0.02754
54.84000   0.02746
54.86000   0.02757
54.88000   0.02779
54.90000   0.02804
54.92000   0.02830
54.94000   0.02858
54.96000   0.02897
54.98000   0.02961
55.00000   0.03062
55.02000   0.03210
55.04000   0.03406
55.06000   0.03638
55.08000   0.03870
55.10000   0.04035
55.12000   0.04068
55.14000   0.03948
55.16000   0.03720
55.18000   0.03456
55.20000   0.03206
55.22000   0.02995
55.24000   0.02822
55.26000   0.02680
55.28000   0.02560
55.30000   0.02454
55.32000   0.02360
55.34000   0.02278
55.36000   0.02209
55.38000   0.02154
55.40000   0.02112
55.42000   0.02080
55.44000   0.02060
55.46000   0.02048
55.48000   0.02044
55.50000   0.02047
55.52000   0.02056
55.54000   0.02070
55.56000   0.02087
55.58000   0.02103
55.60000   0.02116
55.62000   0.02120
55.64000   0.02119
55.66000   0.02115
55.68000   0.02114
55.70000   0.02115
55.72000   0.02111
55.74000   0.02096
55.76000   0.02065
55.78000   0.02023
55.80000   0.01979
55.82000   0.01941
55.84000   0.01912
55.86000   0.01892
55.88000   0.01880
55.90000   0.01877
55.92000   0.01880
55.94000   0.01890
55.96000   0.01905
55.98000   0.01926
56.00000   0.01955
56.02000   0.01991
56.04000   0.02028
56.06000   0.02058
56.08000   0.02072
56.10000   0.02065
56.12000   0.02042
56.14000   0.02008
56.16000   0.01971
56.18000   0.01934
56.20000   0.01901
56.22000   0.01875
56.24000   0.01856
56.26000   0.01843
56.28000   0.01835
56.30000   0.01829
56.32000   0.01827
56.34000   0.01828
56.36000   0.01835
56.38000   0.01849
56.40000   0.01870
56.42000   0.01899
56.44000   0.01937
56.46000   0.01981
56.48000   0.02029
56.50000   0.02074
56.52000   0.02113
56.54000   0.02147
56.56000   0.02179
56.58000   0.02209
56.60000   0.02228
56.62000   0.02227
56.64000   0.02200
56.66000   0.02153
56.68000   0.02100
56.70000   0.02052
56.72000   0.02014
56.74000   0.01987
56.76000   0.01972
56.78000   0.01963
56.80000   0.01959
56.82000   0.01957
56.84000   0.01959
56.86000   0.01965
56.88000   0.01974
56.90000   0.01984
56.92000   0.01991
56.94000   0.01994
56.96000   0.01992
56.98000   0.01987
57.00000   0.01984
57.02000   0.01984
57.04000   0.01989
57.06000   0.01996
57.08000   0.02004
57.10000   0.02011
57.12000   0.02018
57.14000   0.02026
57.16000   0.02035
57.18000   0.02044
57.20000   0.02054
57.22000   0.02063
57.24000   0.02073
57.26000   0.02080
57.28000   0.02086
57.30000   0.02091
57.32000   0.02097
57.34000   0.02106
57.36000   0.02120
57.38000   0.02134
57.40000   0.02145
57.42000   0.02150
57.44000   0.02150
57.46000   0.02148
57.48000   0.02147
57.50000   0.02151
57.52000   0.02159
57.54000   0.02172
57.56000   0.02188
57.58000   0.02206
57.60000   0.02223
57.62000   0.02235
57.64000   0.02241
57.66000   0.02244
57.68000   0.02247
57.70000   0.02252
57.72000   0.02261
57.74000   0.02273
57.76000   0.02290
57.78000   0.02310
57.80000   0.02334
57.82000   0.02362
57.84000   0.02395
57.86000   0.02433
57.88000   0.02475
57.90000   0.02519
57.92000   0.02561
57.94000   0.02595
57.96000   0.02618
57.98000   0.02633
58.00000   0.02645
58.02000   0.02660
58.04000   0.02682
58.06000   0.02711
58.08000   0.02748
58.10000   0.02790
58.12000   0.02839
58.14000   0.02893
58.16000   0.02954
58.18000   0.03025
58.20000   0.03106
58.22000   0.03192
58.24000   0.03273
58.26000   0.03335
58.28000   0.03366
58.30000   0.03364
58.32000   0.03340
58.34000   0.03311
58.36000   0.03288
58.38000   0.03276
58.40000   0.03275
58.42000   0.03284
58.44000   0.03303
58.46000   0.03328
58.48000   0.03360
58.50000   0.03395
58.52000   0.03434
58.54000   0.03476
58.56000   0.03521
58.58000   0.03569
58.60000   0.03620
58.62000   0.03674
58.64000   0.03732
58.66000   0.03795
58.68000   0.03861
58.70000   0.03928
58.72000   0.03991
58.74000   0.04050
58.76000   0.04105
58.78000   0.04160
58.80000   0.04219
58.82000   0.04283
58.84000   0.04352
58.86000   0.04426
58.88000   0.04505
58.90000   0.04587
58.92000   0.04673
58.94000   0.04761
58.96000   0.04852
58.98000   0.04948
59.00000   0.05050
59.02000   0.05157
59.04000   0.05271
59.06000   0.05392
59.08000   0.05519
59.10000   0.05652
59.12000   0.05791
59.14000   0.05937
59.16000   0.06090
59.18000   0.06249
59.20000   0.06410
59.22000   0.06572
59.24000   0.06734
59.26000   0.06899
59.28000   0.07069
59.30000   0.07250
59.32000   0.07442
59.34000   0.07648
59.36000   0.07869
59.38000   0.08105
59.40000   0.08357
59.42000   0.08626
59.44000   0.08912
59.46000   0.09216
59.48000   0.09537
59.50000   0.09878
59.52000   0.10238
59.54000   0.10616
59.56000   0.11010
59.58000   0.11416
59.60000   0.11835
59.62000   0.12274
59.64000   0.12740
59.66000   0.13240
59.68000   0.13776
59.70000   0.14349
59.72000   0.14960
59.74000   0.15614
59.76000   0.16319
59.78000   0.17081
59.80000   0.17909
59.82000   0.18810
59.84000   0.19788
59.86000   0.20851
59.88000   0.22005
59.90000   0.23258
59.92000   0.24622
59.94000   0.26117
59.96000   0.27761
59.98000   0.29578
60.00000   0.31594
